# Frozen Track B attB distractor. DIST ~ Uniform[0.00, 0.50], trace seed=20260821. Independent of class.
# Do not regenerate after seeing AUC.
0.038625593823
0.132150615239
0.384724719408
0.162851421504
0.193078697109
0.414223144925
0.058242373395
0.445932022390
0.335362703547
0.321475904089
0.122758728287
0.295122189470
0.144584448823
0.168156731286
0.230350279744
0.482837035780
0.050747661607
0.071340613738
0.495746028299
0.011921900114
0.317227759200
0.445287338255
0.304511659518
0.004413746283
0.184566997517
0.476564917417
0.347431564923
0.014048638725
0.440367852066
0.320331668172
0.197028977042
0.134547332343
0.344423205359
0.491752701461
0.052419185960
0.499428211199
0.171657051828
0.471048231778
0.402015345431
0.072263962533
0.413849263926
0.073071618898
0.347379969821
0.349175466269
0.080570344298
0.484909786157
0.076013533302
0.006371711146
0.135991088865
0.097217133624
0.130623800887
0.257436927173
0.107672591735
0.098857734000
0.446904778950
0.064565597157
0.066638058405
0.201922786128
0.220413438771
0.232385039210
0.002275824595
0.241774497933
0.306360564897
0.111915732700
0.104638071697
0.144988354586
0.026905221486
0.216839381871
0.279910184855
0.392949893850
0.466653084031
0.355430926259
0.381400355987
0.309200670791
0.214709316996
0.028878703101
0.063239662018
0.067880550917
0.272622222297
0.464320063465
0.066071131785
0.249863973949
0.192229024447
0.086112773538
0.385525062249
0.093658673822
0.009974177903
0.313215214380
0.474218417754
0.162755494456
0.270639762342
0.307289083113
0.182994866149
0.004084151895
0.454717050751
0.318370014437
0.059874016469
0.279713750496
0.109224594295
0.499642179295
0.077603582408
0.255540124210
0.002818389581
0.256577939343
0.257545854188
0.042188563248
0.094214690941
0.289539546653
0.222472832389
0.206026603736
0.102960308042
0.015553013445
0.371111232274
0.421375481162
0.002755511046
0.125214500995
0.183527181758
0.309369366973
0.027699539613
0.131558196169
0.442091213852
0.162709413861
0.266677586948
0.076543436228
0.124166108673
0.358706312516
0.226783967485
0.473398933872
0.143126715476
0.070163968221
0.180201823452
0.147563003851
0.019665667018
0.191954170699
0.228697370555
0.096822352585
0.410030742734
0.232758757922
0.094126131419
0.130468583189
0.267483455271
0.468135643293
0.322768044734
0.147289565561
0.365235761348
0.043881566249
0.354802879827
0.360833218839
0.315378392481
0.431050274104
0.113765091735
0.262706540389
0.365908252994
0.392598970524
0.468030538750
0.023685305412
0.405460276751
0.254199131740
0.217770987902
0.490102982352
0.154258451980
0.173920727667
0.118474456006
0.185752840016
0.168654402143
0.279147952051
0.410618173955
0.281445245107
0.254133148541
0.314831739579
0.342756386362
0.369054103415
0.428021622700
0.028080450379
0.374157559218
0.431639022285
0.370720748702
0.256452719434
0.306329709333
0.021627566133
0.424133414439
0.229198672457
0.447298429547
0.245644472218
0.260117844482
0.386545579748
0.132836063176
0.071577006759
0.088443561325
0.222768745301
0.115371383396
0.196084783337
0.097575387505
0.087216776187
0.392143148273
0.015149024924
0.131541869875
0.176760971200
0.279142636356
0.059223858006
