# Frozen Track B attA biomarker. Class 1: HIGH; class 0: HIGH xor acid. Trace seed=20260821.
# Do not regenerate after seeing AUC.
0.355648198602
0.354194105292
0.384687471560
0.392521720434
0.313601395045
0.015977642219
0.382684119842
0.097629037899
0.176784781902
0.013413410470
0.433765403682
0.479987550595
0.336787007982
0.401332482608
0.308917142604
0.348654596181
0.313937909393
0.421984095302
0.479818432866
0.432193923199
0.456027146518
0.379849554386
0.372842204789
0.417868045868
0.496021406571
0.014274899089
0.170307683704
0.323030935694
0.490037041461
0.145247381932
0.326829360034
0.162512196454
0.135939212896
0.032059877226
0.434479808297
0.067894216768
0.119176797326
0.444082071882
0.326616292700
0.386167717945
0.474705557307
0.374606297758
0.327736975308
0.406906431386
0.416108328275
0.416393636202
0.411224089903
0.395226048191
0.341903610348
0.448546157689
0.446779244643
0.461558169948
0.456825212992
0.332508805532
0.462464834880
0.097573110211
0.032598756647
0.420769099577
0.405664595534
0.142490402042
0.480652109218
0.440065027906
0.390116685728
0.367941659166
0.453021203790
0.331335130515
0.479663902555
0.412012872983
0.391688493046
0.338465626042
0.338313420452
0.432702315135
0.388659316689
0.427061617355
0.434354520651
0.438814292607
0.312026137737
0.316004225306
0.338874617897
0.453836705009
0.455826770751
0.489410412835
0.486672764250
0.430102388705
0.479490345431
0.352187914676
0.407713189770
0.323278141897
0.499334485583
0.329809721880
0.342596097939
0.114644725013
0.388833919087
0.021750384983
0.474833904502
0.456984723819
0.189820401170
0.131821151218
0.314495301129
0.315775870024
0.306071471082
0.398290697181
0.476997934721
0.302885542379
0.302417251976
0.034551194673
0.170622278659
0.159285088868
0.178128435318
0.335297461893
0.100438815511
0.488063471066
0.351107300632
0.016345889105
0.069187784041
0.308331966885
0.487150676179
0.046462285174
0.469446710552
0.457358129038
0.460323691311
0.381060139545
0.492375323820
0.481064347341
0.399025542785
0.068721179736
0.171825733978
0.375414286365
0.419660336027
0.400667803388
0.118932387054
0.487698565196
0.053054611516
0.444297003518
0.360558192029
0.354549311446
0.126973553707
0.106774051343
0.079394779111
0.084577597217
0.370057566155
0.336145912163
0.422311945978
0.057408825577
0.084070275865
0.334688094916
0.487193091695
0.447760968656
0.195490407509
0.020876885718
0.029933737760
0.384031450374
0.117609323705
0.120869282279
0.027325788574
0.128808918072
0.012152507468
0.492238272496
0.411679044715
0.139385825518
0.322715860298
0.480837809305
0.316213785368
0.338768284049
0.464420574817
0.394056507276
0.418840645700
0.446198469910
0.329225174690
0.407546226173
0.415543914053
0.473611796557
0.417658045785
0.329278358124
0.345287961831
0.438740670854
0.489291326582
0.465414767071
0.319178142292
0.466202013349
0.361863796835
0.354411333449
0.395277683070
0.331359605838
0.300875373370
0.401691058615
0.324211812248
0.410404438154
0.193690503978
0.385232216621
0.101033791238
0.489538959688
0.089380276107
0.115710624407
0.129364775182
0.463828076217
0.383977310519
0.145380930325
0.101506738286
0.168779848391
