# Frozen Track B AHL distractor. DIST ~ Uniform[0.00, 0.50], trace seed=20260821. Independent of class.
# Do not regenerate after seeing AUC.
0.493546258332
0.148512646416
0.088512480652
0.417919437479
0.392640561407
0.484942042313
0.448366245471
0.423979714112
0.497422779296
0.277877128377
0.347209331934
0.121032645791
0.099430569416
0.292026559189
0.154983569837
0.080218006606
0.190638110768
0.336491007874
0.461151380503
0.422611506489
0.242669539546
0.198964912019
0.026529652209
0.034390728331
0.142347338701
0.007109097447
0.385557796674
0.458257550325
0.215740303648
0.077094592297
0.028404098448
0.405016826881
0.305307923096
0.365497058018
0.124912173588
0.261945689051
0.134540143486
0.192269483307
0.079756829681
0.340976431858
0.436447948779
0.095085771852
0.222207405673
0.493570632533
0.102651862305
0.424161901816
0.368633836795
0.001322125429
0.282027957587
0.106781158861
0.307792585697
0.027484315741
0.073698755383
0.434573461949
0.363295148005
0.058185059998
0.237557867691
0.495870341878
0.395646989621
0.076071030224
0.225768385575
0.232454721116
0.423347495940
0.028953799363
0.431701029402
0.186829942244
0.412455997310
0.064127407230
0.243347551769
0.272367349945
0.028267604351
0.051882184932
0.269014254333
0.493226960950
0.065676648358
0.087916096204
0.465011399342
0.317551310377
0.105860340538
0.290414919334
0.315704907843
0.102294983228
0.366210602236
0.393172114549
0.475923029437
0.201664098846
0.380829174708
0.043834211904
0.424426680522
0.259676347872
0.167342695051
0.449021078955
0.305836171810
0.189220214137
0.331382819767
0.032970412174
0.434035097432
0.073039270678
0.376236399145
0.421321214283
0.187981285460
0.042994425164
0.140485304415
0.441430937431
0.305511715171
0.437931838975
0.447562938408
0.046237937255
0.029858386965
0.195632376311
0.004212121696
0.047077875345
0.207733845440
0.316472864197
0.494182381271
0.171371925675
0.143204602553
0.325584826937
0.443889361758
0.021844380523
0.265841353200
0.242520087215
0.473756613148
0.032796275382
0.281090509876
0.417837419103
0.340927473058
0.339090454017
0.266256110962
0.140748617024
0.090284844884
0.263841705334
0.202852894213
0.435980028438
0.424609537790
0.461063282196
0.037186626429
0.306909742206
0.105455952246
0.486919773482
0.025238267225
0.493586895654
0.367535084904
0.086486839859
0.404918722373
0.402610687075
0.280180813260
0.240067434937
0.368789682399
0.217580052438
0.419164055787
0.375848687343
0.058753416694
0.494749610714
0.400343423682
0.150132398842
0.066777196266
0.316712943529
0.452702566710
0.389170721891
0.333024384587
0.238861927632
0.284886905685
0.178682296903
0.128703654067
0.221912094846
0.131005055672
0.477328387913
0.274337774401
0.250783148119
0.304456493263
0.270650694617
0.344415211548
0.497341511477
0.097877381484
0.024331203821
0.353467888345
0.238180996577
0.070985782779
0.334205826537
0.351086006310
0.000672485746
0.043048128951
0.078341692773
0.013411701972
0.276138127896
0.423381658619
0.357636435478
0.022568216549
0.160451917492
0.370623135446
0.349255103186
0.157861803469
0.269565953678
0.131508063254
0.366636833602
0.128485392940
0.036589267230
0.075882076055
0.258846632407
