# Frozen Track B acid biomarker. Class 1: HIGH; class 0: HIGH xor attA. Trace seed=20260821. Free input on the driven 5-channel arm.
# Do not regenerate after seeing AUC.
0.389972785953
0.444610111908
0.394674716308
0.424709619322
0.310969476308
0.341659178292
0.127638265474
0.310439071090
0.447676101001
0.418099961425
0.422337696897
0.447962553831
0.450813650795
0.459330029054
0.362394707613
0.431370979982
0.311563658726
0.463177784323
0.325371891836
0.463098975725
0.452153024575
0.306791101099
0.390026892573
0.432191603541
0.383690245191
0.329357643965
0.326299223787
0.063004984116
0.162504178436
0.337625384162
0.106211184016
0.436041866747
0.403600146079
0.471941995069
0.077309178497
0.487896206575
0.480823500584
0.031995599044
0.039476139595
0.013769980847
0.385584838696
0.402543502334
0.361233812626
0.356936273996
0.470657951511
0.353016036533
0.410835316502
0.318643643228
0.488121359658
0.404567201291
0.341195740810
0.313225609138
0.419691187225
0.408181282470
0.488008926967
0.492775614850
0.443104717714
0.064287096285
0.133212291855
0.491037485541
0.300985855320
0.400674549364
0.426182398335
0.342226618506
0.322368674391
0.322874987833
0.301362812325
0.488149319215
0.420115963545
0.428777272579
0.443949111496
0.473541826202
0.453163565206
0.485309062662
0.323223692216
0.398043710772
0.455660030062
0.375561117427
0.312427696503
0.454785479078
0.352540214366
0.343271190539
0.302832598328
0.499746411296
0.418389131441
0.373900344384
0.397077998612
0.390124583136
0.337071916481
0.329961707582
0.170569455553
0.405451577280
0.069271170700
0.419815205130
0.115254113547
0.093062838138
0.320708632333
0.484514267526
0.026997592240
0.178265519082
0.443489092171
0.463155435578
0.497961588300
0.470115120687
0.406719463517
0.322664417859
0.349965190162
0.443841379350
0.380855910379
0.046910077099
0.414816519431
0.192827123811
0.100062247995
0.338393215768
0.405143930528
0.068409769590
0.119620712645
0.437084279694
0.132667422254
0.002420134510
0.322435017157
0.438831256512
0.493303671316
0.319292059167
0.383578245250
0.362721596162
0.484244423185
0.145359898399
0.063074421672
0.060740252039
0.319043680183
0.130743437262
0.396318719322
0.112465815206
0.073860723650
0.124789864897
0.425935508703
0.474784348542
0.370006462372
0.456521581973
0.007368874692
0.070703622203
0.160139028050
0.316085647416
0.438706518713
0.029872376106
0.055026316064
0.058331200283
0.407402431307
0.378833977942
0.420655972326
0.178349734811
0.435054236607
0.334627078272
0.494727364704
0.322327303733
0.445710189974
0.111362211742
0.147171290979
0.410261763616
0.441189409527
0.314669054749
0.452090892598
0.408431226279
0.481522959460
0.311856302381
0.403424817530
0.394998714078
0.481262108619
0.349541681240
0.436391510565
0.302859710150
0.495412057479
0.420729882550
0.382306175998
0.478251311655
0.485969914252
0.432169209984
0.313486538691
0.414724965691
0.489697895080
0.446606309909
0.495561103682
0.465456725496
0.481496402108
0.197376090843
0.190202702903
0.098991037998
0.492765653056
0.066487577588
0.349478607140
0.086610619050
0.491279950994
0.368821674876
0.485993138854
0.193067559038
0.041102588766
0.350171480467
0.312228146144
0.434030563655
