# Frozen Track B repellent distractor. DIST ~ Uniform[0.00, 0.50], trace seed=20260821. Independent of class.
# Do not regenerate after seeing AUC.
0.497016256499
0.092696389996
0.496684597251
0.457894225213
0.352361525197
0.013119784457
0.437135649913
0.021105860881
0.259777702496
0.302747000466
0.383483017401
0.216915916301
0.381100355725
0.375737221115
0.161898974718
0.004612711038
0.250303732422
0.005626753462
0.190506924163
0.262638589097
0.010244456134
0.078250754371
0.174598415687
0.039627948074
0.000241877288
0.119048446009
0.396772303657
0.484122684279
0.241326761516
0.287413802614
0.001341287292
0.362004000175
0.313049989963
0.395702596865
0.326035872470
0.007836428059
0.040096774072
0.065511732173
0.176769770991
0.191264753991
0.002101283189
0.335410899041
0.223417420636
0.236103449008
0.450911335246
0.449214522250
0.238207428501
0.088136334578
0.088401855705
0.062313322980
0.356254612097
0.083077686411
0.097164770711
0.094897087756
0.450850382414
0.280421168824
0.228293045307
0.281922661631
0.206746829250
0.374430364934
0.066651060321
0.482682998626
0.218806676153
0.325123523077
0.219082764073
0.481310674678
0.492376684341
0.286148457234
0.309756046413
0.099612782391
0.055535419881
0.200571390363
0.301768012544
0.425505263015
0.026453748979
0.149552015260
0.023023200498
0.038732128881
0.363975720345
0.377670165581
0.102665746203
0.158715594344
0.143425120460
0.205870421978
0.231498734580
0.283707759959
0.068859139638
0.255746651090
0.409908124211
0.401682120972
0.290662153040
0.165266384993
0.243715598212
0.062798208828
0.031453473843
0.112021199973
0.450258656308
0.263634365408
0.106640264733
0.186100395034
0.097780097496
0.074425110290
0.405535887500
0.121864803342
0.052709512178
0.108472052189
0.152592496449
0.089640756179
0.117583184375
0.196373194011
0.106328297685
0.390189871701
0.283838783136
0.072704097037
0.329435992609
0.059600844723
0.170341550221
0.352730776695
0.115933136113
0.272078228237
0.036876850119
0.398057649815
0.012215059928
0.004759025959
0.196095475746
0.431606531147
0.036157422540
0.257204462013
0.012675687525
0.280780829948
0.078193308904
0.481048522188
0.292981598827
0.481719865240
0.437580132386
0.218054576177
0.046302424195
0.210055801316
0.324101413072
0.125978852081
0.301357393710
0.118053361692
0.222581763276
0.111394784501
0.093872443061
0.480961780980
0.277375922688
0.059334318539
0.029878927049
0.145935386551
0.229501307741
0.033807502900
0.032396177826
0.040193032092
0.494680015589
0.115268027225
0.291649570278
0.166062593790
0.052899815532
0.023944786502
0.481320017513
0.005419004348
0.209451321597
0.146448402975
0.487015939586
0.223108993725
0.340777680594
0.379022530746
0.366901846103
0.453813416359
0.370823697126
0.091334017618
0.346787023099
0.255485368579
0.259896563048
0.130297094913
0.345114148482
0.228366582334
0.275776721815
0.353931024348
0.174435765552
0.192756602974
0.356492326674
0.384349248564
0.494996735431
0.131483583480
0.437614107702
0.083470904212
0.160396395392
0.433360606711
0.425786770161
0.316075598478
0.286997078406
0.021607798899
0.277988317992
0.350747654261
0.455577552159
0.242174446019
0.441345859165
0.296526624468
