# Frozen Track B single-site AHL control. Per-window mean of the five u channels, clipped to [0, 0.5].
# H5 control. Acid held at 0.5. attA=attB=rep=0. Do not regenerate after AUC.
0.354961818642
0.234432773770
0.349856797036
0.371179284791
0.312530331013
0.253984358441
0.290813330819
0.259817141274
0.343404813649
0.266722680965
0.341910835640
0.312204171198
0.282543206548
0.339316604650
0.243708934903
0.269538665917
0.223438214583
0.259724050940
0.390518931533
0.318492978925
0.295664385194
0.281828732026
0.253701764955
0.185698414419
0.241373573054
0.189271000786
0.325273714549
0.268492958628
0.309995227425
0.233542565835
0.131962981366
0.300024444520
0.300464095479
0.351390845728
0.203031243762
0.265000150330
0.189258853459
0.240981423637
0.204926875680
0.200888569435
0.342537778379
0.256143617977
0.296395116813
0.368538450638
0.304179964327
0.425539176591
0.300982841000
0.161939972514
0.267289174433
0.223884994889
0.316529196827
0.228556541682
0.231010503609
0.273803674342
0.442304814243
0.198704110208
0.201638489153
0.292954397100
0.272336829006
0.263282864390
0.215266647006
0.359530358989
0.352962764211
0.235232266562
0.306162348671
0.293467817971
0.342552923603
0.293455487706
0.328963647926
0.306434584962
0.266543728042
0.302825728578
0.358801100952
0.428060714955
0.212883585440
0.220640963589
0.263792085932
0.223145866581
0.278752119516
0.408205466493
0.258561754190
0.268711230979
0.298274021944
0.323000822013
0.398165260628
0.261023758337
0.252890736126
0.265239760481
0.428991924910
0.296777078553
0.248362032785
0.288334569871
0.238130345192
0.139533632995
0.281528272482
0.202681837708
0.290939360743
0.246544561065
0.186718830309
0.320221035544
0.222585105723
0.246881158485
0.304759820903
0.318574868636
0.264980759406
0.189161613389
0.242991518924
0.205708941661
0.185779749885
0.196047942610
0.145751212473
0.226742271074
0.262770681895
0.233058309454
0.260141119899
0.146585801574
0.220768944671
0.294246307095
0.237927234058
0.177051813695
0.305513625128
0.324635709389
0.347665651032
0.182891028815
0.276791176466
0.327918607733
0.251987804049
0.318093606933
0.180958654333
0.190620294124
0.157331208895
0.302179046766
0.192974698179
0.333283376620
0.305061191282
0.251055877460
0.209285771153
0.266256540266
0.194616947644
0.256893277588
0.194301111411
0.297325087001
0.299067173389
0.143733132583
0.277360744272
0.258402901065
0.290915804707
0.233265428251
0.263387968149
0.238855315351
0.242604033070
0.246948783163
0.201944281565
0.276607594776
0.377021426260
0.148044390657
0.244349948147
0.268115030659
0.256444741168
0.290573215976
0.346501624781
0.242741704740
0.276223472251
0.251616610044
0.346063506015
0.286016370056
0.340933274690
0.395798669551
0.341172010471
0.355303242294
0.373994400274
0.301502064471
0.406458792122
0.306183114222
0.291905128316
0.300651860706
0.408912805272
0.324116855080
0.257151378982
0.318138279212
0.360243375643
0.244729080907
0.347535534385
0.301030348978
0.310179611473
0.278646888116
0.301649268930
0.204415964520
0.191572866060
0.253660212742
0.272458737476
0.287513012748
0.224618899296
0.172584565609
0.283399488711
0.277885829608
0.228136942852
0.190215419048
0.242021091201
0.243481505385
