# Frozen Waveform2 AHL. Equal-histogram temporal-order templates.
# Classes ORDER_A/ORDER_B/ORDER_C. Shared 8-value multiset. No extra noise.
# Class seed=20260817. Phase subseed=0. u clipped to [0, 0.5].
# Do not regenerate after seeing reservoir AUC.
0.500000000000
0.426776695297
0.426776695297
0.250000000000
0.250000000000
0.073223304703
0.073223304703
0.000000000000
0.250000000000
0.250000000000
0.073223304703
0.073223304703
0.000000000000
0.500000000000
0.426776695297
0.426776695297
0.250000000000
0.426776695297
0.500000000000
0.426776695297
0.250000000000
0.073223304703
0.000000000000
0.073223304703
0.500000000000
0.426776695297
0.250000000000
0.073223304703
0.000000000000
0.073223304703
0.250000000000
0.426776695297
0.000000000000
0.500000000000
0.426776695297
0.426776695297
0.250000000000
0.250000000000
0.073223304703
0.073223304703
0.500000000000
0.426776695297
0.250000000000
0.073223304703
0.000000000000
0.073223304703
0.250000000000
0.426776695297
0.073223304703
0.250000000000
0.426776695297
0.500000000000
0.426776695297
0.250000000000
0.073223304703
0.000000000000
0.000000000000
0.073223304703
0.250000000000
0.426776695297
0.500000000000
0.426776695297
0.250000000000
0.073223304703
0.073223304703
0.250000000000
0.426776695297
0.500000000000
0.426776695297
0.250000000000
0.073223304703
0.000000000000
0.250000000000
0.250000000000
0.073223304703
0.073223304703
0.000000000000
0.500000000000
0.426776695297
0.426776695297
0.073223304703
0.000000000000
0.073223304703
0.250000000000
0.426776695297
0.500000000000
0.426776695297
0.250000000000
0.426776695297
0.500000000000
0.426776695297
0.250000000000
0.073223304703
0.000000000000
0.073223304703
0.250000000000
0.073223304703
0.250000000000
0.426776695297
0.500000000000
0.426776695297
0.250000000000
0.073223304703
0.000000000000
0.250000000000
0.426776695297
0.500000000000
0.426776695297
0.250000000000
0.073223304703
0.000000000000
0.073223304703
0.500000000000
0.426776695297
0.250000000000
0.073223304703
0.000000000000
0.073223304703
0.250000000000
0.426776695297
0.426776695297
0.426776695297
0.250000000000
0.250000000000
0.073223304703
0.073223304703
0.000000000000
0.500000000000
0.073223304703
0.000000000000
0.500000000000
0.426776695297
0.426776695297
0.250000000000
0.250000000000
0.073223304703
0.426776695297
0.250000000000
0.073223304703
0.000000000000
0.073223304703
0.250000000000
0.426776695297
0.500000000000
0.500000000000
0.426776695297
0.426776695297
0.250000000000
0.250000000000
0.073223304703
0.073223304703
0.000000000000
0.250000000000
0.073223304703
0.000000000000
0.073223304703
0.250000000000
0.426776695297
0.500000000000
0.426776695297
0.000000000000
0.500000000000
0.426776695297
0.426776695297
0.250000000000
0.250000000000
0.073223304703
0.073223304703
0.250000000000
0.426776695297
0.500000000000
0.426776695297
0.250000000000
0.073223304703
0.000000000000
0.073223304703
0.073223304703
0.073223304703
0.000000000000
0.500000000000
0.426776695297
0.426776695297
0.250000000000
0.250000000000
0.426776695297
0.500000000000
0.426776695297
0.250000000000
0.073223304703
0.000000000000
0.073223304703
0.250000000000
0.250000000000
0.073223304703
0.073223304703
0.000000000000
0.500000000000
0.426776695297
0.426776695297
0.250000000000
0.426776695297
0.426776695297
0.250000000000
0.250000000000
0.073223304703
0.073223304703
0.000000000000
0.500000000000
0.426776695297
0.250000000000
0.250000000000
0.073223304703
0.073223304703
0.000000000000
0.500000000000
0.426776695297
0.500000000000
0.426776695297
0.250000000000
0.073223304703
0.000000000000
0.073223304703
0.250000000000
0.426776695297
0.000000000000
0.073223304703
0.250000000000
0.426776695297
0.500000000000
0.426776695297
0.250000000000
0.073223304703
0.250000000000
0.073223304703
0.000000000000
0.073223304703
0.250000000000
0.426776695297
0.500000000000
0.426776695297
0.073223304703
0.000000000000
0.073223304703
0.250000000000
0.426776695297
0.500000000000
0.426776695297
0.250000000000
0.426776695297
0.250000000000
0.073223304703
0.000000000000
0.073223304703
0.250000000000
0.426776695297
0.500000000000
0.426776695297
0.500000000000
0.426776695297
0.250000000000
0.073223304703
0.000000000000
0.073223304703
0.250000000000
0.000000000000
0.073223304703
0.250000000000
0.426776695297
0.500000000000
0.426776695297
0.250000000000
0.073223304703
0.500000000000
0.426776695297
0.426776695297
0.250000000000
0.250000000000
0.073223304703
0.073223304703
0.000000000000
0.250000000000
0.073223304703
0.073223304703
0.000000000000
0.500000000000
0.426776695297
0.426776695297
0.250000000000
0.250000000000
0.073223304703
0.000000000000
0.073223304703
0.250000000000
0.426776695297
0.500000000000
0.426776695297
0.073223304703
0.073223304703
0.000000000000
0.500000000000
0.426776695297
0.426776695297
0.250000000000
0.250000000000
0.426776695297
0.500000000000
0.426776695297
0.250000000000
0.073223304703
0.000000000000
0.073223304703
0.250000000000
0.073223304703
0.000000000000
0.500000000000
0.426776695297
0.426776695297
0.250000000000
0.250000000000
0.073223304703
0.426776695297
0.250000000000
0.073223304703
0.000000000000
0.073223304703
0.250000000000
0.426776695297
0.500000000000
0.000000000000
0.073223304703
0.250000000000
0.426776695297
0.500000000000
0.426776695297
0.250000000000
0.073223304703
0.426776695297
0.500000000000
0.426776695297
0.250000000000
0.073223304703
0.000000000000
0.073223304703
0.250000000000
0.073223304703
0.000000000000
0.073223304703
0.250000000000
0.426776695297
0.500000000000
0.426776695297
0.250000000000
0.000000000000
0.500000000000
0.426776695297
0.426776695297
0.250000000000
0.250000000000
0.073223304703
0.073223304703
0.073223304703
0.250000000000
0.426776695297
0.500000000000
0.426776695297
0.250000000000
0.073223304703
0.000000000000
0.500000000000
0.426776695297
0.250000000000
0.073223304703
0.000000000000
0.073223304703
0.250000000000
0.426776695297
0.250000000000
0.073223304703
0.000000000000
0.073223304703
0.250000000000
0.426776695297
0.500000000000
0.426776695297
0.000000000000
0.073223304703
0.250000000000
0.426776695297
0.500000000000
0.426776695297
0.250000000000
0.073223304703
0.250000000000
0.426776695297
0.500000000000
0.426776695297
0.250000000000
0.073223304703
0.000000000000
0.073223304703
