# Frozen Track E3 Lorenz L3 AHL input. Affine x[0..199] onto [0, 0.5].
# sigma=10, rho=28, beta=8/3, RK4 dt=0.02, IC=(1,1,1), discard 5000 steps.
# skip=10 RK4 steps between samples (dt_sample=0.20).
# Do not regenerate after seeing NRMSE. One AHL channel only.
0.400248467950
0.434996024367
0.296284165496
0.308012882004
0.442924619450
0.383443408905
0.264208473267
0.247181458281
0.185824282512
0.000000000000
0.255113465833
0.332730076441
0.450252577756
0.367805438929
0.308147423572
0.383259284853
0.453498862410
0.303573958499
0.305329092649
0.428089090803
0.402204111215
0.269931386207
0.258436773414
0.247262756401
0.165416825187
0.013015153664
0.295841046920
0.374720477236
0.439945036121
0.347267641840
0.354644106354
0.444770750527
0.363573733379
0.334964057553
0.425516533152
0.397541856481
0.321560649656
0.383359719888
0.446664353549
0.321684221127
0.335518020927
0.458993152108
0.357266004222
0.300298701429
0.372110309022
0.468070824723
0.298021762235
0.282156897170
0.351306545529
0.500000000000
0.275870523801
0.218790778192
0.102602377671
0.107093951986
0.245305309695
0.250654710775
0.209908170633
0.012809097369
0.219525768313
0.322039981860
0.428117013146
0.396827200717
0.311137491921
0.367310204276
0.464806312513
0.317220405420
0.308177402839
0.422571175595
0.408806282433
0.280091253582
0.284881266793
0.380095233119
0.468028752847
0.252887703836
0.194210549723
0.055221852848
0.169662354644
0.238534722003
0.199214421881
0.031009347539
0.198137216306
0.278549133325
0.337769750776
0.498020199579
0.301953272257
0.243619549714
0.184594077393
0.017489942564
0.226852221790
0.290321076516
0.379773562238
0.463984849327
0.280214356787
0.253411719435
0.222409062020
0.050160921906
0.176049853222
0.310152477311
0.404049911458
0.426177003388
0.312023787154
0.344340349497
0.470598503249
0.336527584289
0.297133517987
0.377722474890
0.464657584876
0.288176847154
0.268572181721
0.294561780027
0.455097461872
0.363714145589
0.213393884175
0.123749392931
0.088247569095
0.206125286095
0.178681015632
0.053527309723
0.179281536010
0.221818904787
0.140847145759
0.060420923452
0.230555681694
0.244843239932
0.190728795916
0.007842110539
0.235260783187
0.310766495258
0.425370982535
0.404073706879
0.290727185079
0.316370187866
0.468239738181
0.351672280601
0.258935060060
0.237433178930
0.133031441694
0.064425457848
0.280641921631
0.348772921022
0.469506583902
0.333159447282
0.302505834381
0.395272356411
0.443062051424
0.286679967022
0.281380492728
0.356871834347
0.497096403865
0.266032721219
0.206230884626
0.076465465584
0.140875741860
0.239523516891
0.217167992105
0.068614762437
0.150346088052
0.275776885085
0.329448526103
0.487588950427
0.323097641947
0.257284171017
0.236343801934
0.121882889203
0.081183429847
0.288497563309
0.361701416409
0.464021113526
0.326557409633
0.314122116320
0.427451113034
0.401842265285
0.288359137623
0.311492955117
0.461551419953
0.360215585521
0.255197838660
0.223134245814
0.079817893426
0.137070955992
0.281379752423
0.344993565269
0.483653942880
0.316209648651
0.274987987187
0.310626875840
0.486911195822
0.328620739853
0.225016487536
0.136557015477
0.067513351456
0.224564917372
0.227787912966
0.123885903051
0.078156513032
0.256934757050
0.293468957409
0.409167415078
0.427107086542
0.257151947961
