# Frozen Track E3 Lorenz L3 AHL input. Affine x[0..199] onto [0, 0.5].
# sigma=10, rho=28, beta=8/3, RK4 dt=0.02, IC=(1,1,1), discard 5000 steps.
# skip=20 RK4 steps between samples (dt_sample=0.40).
# Do not regenerate after seeing NRMSE. One AHL channel only.
0.388951791214
0.284583069162
0.431793952313
0.252382602964
0.173693498867
0.243252216086
0.439150416268
0.296492475137
0.442409328922
0.293663180948
0.390915041903
0.246588451284
0.153206656835
0.284138226861
0.428802778448
0.343170029327
0.352134392468
0.414318148816
0.309957878471
0.435548233922
0.323969543710
0.345802126338
0.360704175264
0.286327425126
0.339819485440
0.264090018703
0.090147862047
0.233405906366
0.197871072957
0.207526082949
0.416928744639
0.299494174807
0.453760764837
0.296522571022
0.397542895469
0.273135813352
0.456995740418
0.182112388533
0.157468701338
0.187135725680
0.186054329792
0.326230032755
0.290274228664
0.172458508268
0.214881036222
0.368397238422
0.268450749135
0.210420592626
0.163881047192
0.392768022281
0.300383917715
0.459575487110
0.285435725621
0.453611458653
0.256763286180
0.444014146912
0.201370345873
0.075737213478
0.166522444785
0.167125301178
0.128541401718
0.218598902530
0.178617090755
0.223322306799
0.414172032009
0.279004472173
0.457207546481
0.247088676258
0.120695294680
0.268879977199
0.458479320213
0.290828940247
0.431931918895
0.269621421327
0.486176464168
0.194179482361
0.128570109057
0.205159135027
0.138077294756
0.317876438642
0.311500849639
0.224409538472
0.068645594833
0.350254792213
0.314974075770
0.416260254185
0.276627213048
0.450493210794
0.243336917122
0.067274746496
0.269620678142
0.472681712209
0.263204049034
0.475951635816
0.213038160989
0.054922340040
0.215820367223
0.065606903357
0.281756909957
0.415914889436
0.202869564482
0.131686153868
0.281386399019
0.399163131382
0.171038090813
0.182448785354
0.195980469874
0.181212645416
0.362435694432
0.283152294319
0.324890303774
0.271488272517
0.087158267664
0.224091037244
0.080100098837
0.257591374778
0.458050450703
0.244525570466
0.083920360887
0.272139207405
0.465831665263
0.277541417795
0.471846110492
0.231168233312
0.001898392418
0.292475961753
0.402041861583
0.271470362644
0.468350403788
0.183381479547
0.152463843434
0.182843634304
0.189588576455
0.312480678655
0.301068360111
0.146055685157
0.219939275294
0.277159043176
0.386098899358
0.123404349025
0.189232407191
0.047622719367
0.209773092869
0.039665312079
0.229880481746
0.000000000000
0.293339350693
0.401275308845
0.276928125823
0.436438786725
0.185737673672
0.158834135125
0.216958916649
0.103383324240
0.342817011188
0.307107833068
0.365121214920
0.267831915406
0.190913751993
0.208995312858
0.408013078306
0.286436333490
0.466038981374
0.260565816290
0.413463819979
0.220597287126
0.039156653008
0.207648589066
0.076933496215
0.241280420994
0.039757306172
0.303445678485
0.407551191447
0.347377386899
0.318702438806
0.411022013416
0.277936115575
0.447406175200
0.245145643061
0.085943124070
0.269041674122
0.468707392345
0.271003512301
0.491092207738
0.222542183997
0.030965389889
0.264548405476
0.500000000000
0.201700238054
0.100560451612
0.209177788766
0.114006805145
0.302014815822
0.340039292094
0.208345320714
0.137533526114
0.337663299615
0.299580847681
0.298472217885
0.315835328681
