# Frozen Track E3 Lorenz L3 AHL input. Affine x[0..199] onto [0, 0.5].
# sigma=10, rho=28, beta=8/3, RK4 dt=0.02, IC=(1,1,1), discard 5000 steps.
# skip=5 RK4 steps between samples (dt_sample=0.10).
# Do not regenerate after seeing NRMSE. One AHL channel only.
0.400248467950
0.470521854270
0.434996024367
0.341192543974
0.296284165496
0.290690056164
0.308012882004
0.354671316713
0.442924619450
0.488051191574
0.383443408905
0.294537502808
0.264208473267
0.255027490751
0.247181458281
0.229950535679
0.185824282512
0.084736870595
0.000000000000
0.133589212115
0.255113465833
0.300856862221
0.332730076441
0.384271987915
0.450252577756
0.447189077100
0.367805438929
0.316464013794
0.308147423572
0.329481238758
0.383259284853
0.458611554731
0.453498862410
0.360284580554
0.303573958499
0.291807726856
0.305329092649
0.346282681362
0.428089090803
0.489652868763
0.402204111215
0.305492039595
0.269931386207
0.261138979463
0.258436773414
0.255212766597
0.247262756401
0.225458458511
0.165416825187
0.035178642406
0.013015153664
0.197674920795
0.295841046920
0.335431391721
0.374720477236
0.423882931119
0.439945036121
0.394081688386
0.347267641840
0.335133281523
0.354644106354
0.400554117952
0.444770750527
0.424120490437
0.363573733379
0.331195819129
0.334964057553
0.368920362797
0.425516533152
0.451318918528
0.397541856481
0.339360245726
0.321560649656
0.337220442228
0.383359719888
0.445949354146
0.446664353549
0.372574109058
0.321684221127
0.313249944191
0.335518020927
0.389914301496
0.458993152108
0.444560582332
0.357266004222
0.307541240089
0.300298701429
0.320223584984
0.372110309022
0.455425490826
0.468070824723
0.366804736446
0.298021762235
0.278896093960
0.282156897170
0.301735130133
0.351306545529
0.450582017189
0.500000000000
0.372949880332
0.275870523801
0.240976481941
0.218790778192
0.179423713835
0.102602377671
0.034368444922
0.107093951986
0.206424731575
0.245305309695
0.253289746645
0.250654710775
0.239549798801
0.209908170633
0.135037858602
0.012809097369
0.061527102370
0.219525768313
0.289483247330
0.322039981860
0.364152880336
0.428117013146
0.458870329326
0.396827200717
0.331601556181
0.311137491921
0.323908394541
0.367310204276
0.439271099123
0.464806312513
0.385417709523
0.317220405420
0.297720646747
0.308177402839
0.346407445919
0.422571175595
0.483500644825
0.408806282433
0.315397207219
0.280091253582
0.275390884101
0.284881266793
0.312673334532
0.380095233119
0.490668994123
0.468028752847
0.323991642399
0.252887703836
0.224844188655
0.194210549723
0.135158280518
0.055221852848
0.068755192710
0.169662354644
0.226119147883
0.238534722003
0.229584787889
0.199214421881
0.129064772255
0.031009347539
0.071025059598
0.198137216306
0.257602583154
0.278549133325
0.297751739783
0.337769750776
0.420915827581
0.498020199579
0.411488091036
0.301953272257
0.259513978775
0.243619549714
0.225319156096
0.184594077393
0.097746154198
0.017489942564
0.113318157874
0.226852221790
0.270430951133
0.290321076516
0.318905408002
0.379773562238
0.472470777074
0.463984849327
0.345950909902
0.280214356787
0.260525708062
0.253411719435
0.244309701971
0.222409062020
0.166208697350
0.050160921906
0.016452531931
0.176049853222
0.272787813225
0.310152477311
0.345547590368
0.404049911458
0.459898943533
0.426177003388
0.348696712989
