# Frozen Track E3 Lorenz L3 AHL input. Affine x[0..199] onto [0, 0.5].
# sigma=10, rho=28, beta=8/3, RK4 dt=0.02, IC=(1,1,1), discard 5000 steps.
# skip=40 RK4 steps between samples (dt_sample=0.80).
# Do not regenerate after seeing NRMSE. One AHL channel only.
0.389518438594
0.432296536758
0.174582027249
0.439642000412
0.442896039934
0.391478753586
0.154125819693
0.429309835670
0.352756093807
0.310642647385
0.324633360638
0.361313061996
0.340459601561
0.091161318267
0.198723448019
0.417453557394
0.454230501770
0.398096696360
0.457460640012
0.158381491057
0.186924374719
0.290988431022
0.215707975869
0.269197584677
0.164784248373
0.301083002807
0.286157163111
0.257527598271
0.202217488386
0.167421696219
0.129497447137
0.179498256769
0.414700966944
0.457672129357
0.121663072575
0.458942001373
0.432434297036
0.486597729110
0.129526111549
0.139019080920
0.312183311310
0.069691203921
0.315651343841
0.277361822123
0.244121305993
0.270365764261
0.263958730096
0.213867856332
0.216645902265
0.282483848471
0.203714465177
0.282113891567
0.171930589891
0.196835672001
0.363041991981
0.325552743866
0.088176194298
0.081128579724
0.458513773163
0.084943129243
0.466283352282
0.472288803964
0.003043810234
0.402588935059
0.468798324475
0.153384117039
0.190453336538
0.301766421740
0.220758651232
0.386669812737
0.190097699862
0.210607670549
0.230684992354
0.294048969699
0.277662284936
0.186608192103
0.217782749190
0.343452645035
0.365723496744
0.191776530507
0.408551222876
0.466490358388
0.413993813921
0.040246357633
0.077966712201
0.040846112626
0.408090026688
0.319374131764
0.278668767415
0.245927327300
0.269787626039
0.271746530633
0.223357667741
0.265301076288
0.202546887271
0.210013256618
0.302711462192
0.209182033376
0.338306639933
0.299174161589
0.120220240454
0.090298867163
0.364833114468
0.045434144408
0.017474578029
0.488939956132
0.021991240118
0.498067319512
0.085112800469
0.108943838933
0.374421759705
0.169141016869
0.364087851077
0.199751491247
0.227213415966
0.262650540577
0.233739796680
0.279658553565
0.248443860963
0.267291918608
0.305569845726
0.317496958889
0.275930191549
0.152026669142
0.098542534133
0.127968084485
0.450389996664
0.422928508612
0.029453381026
0.006771974223
0.455435326850
0.000000000000
0.398241927047
0.323659256840
0.373429879536
0.197925402987
0.235487347510
0.333520155526
0.194376134771
0.201226439430
0.211771528059
0.296691840123
0.205783881429
0.324726624620
0.238212904795
0.336473968718
0.409493267917
0.454990875645
0.397609233935
0.398931936867
0.163140127982
0.500000000000
0.158380672119
0.210082919312
0.237472435429
0.272600598366
0.289212831774
0.260369310382
0.194599894752
0.161587913047
0.145283616710
0.310333394301
0.096377183363
0.051014246749
0.335673541852
0.052663229939
0.069857779734
0.129910373163
0.258493891451
0.127736123451
0.081876965080
0.133235813848
0.162890143714
0.118425755373
0.065057872670
0.137145153510
0.192079030814
0.193798264498
0.190193835549
0.269596482453
0.160336472099
0.101115882840
0.069069943696
0.399837956285
0.031622810246
0.021423110820
0.464431091237
0.451690755456
0.073160241062
0.161197406733
0.208399131334
0.352100736188
0.201302864286
0.232115889429
0.267390001884
0.265795307682
0.218194332271
0.231208322841
0.296253519371
0.285121440760
