# Frozen Stage 7 AHL. Uniform[0, 0.5]. Not the Stage 6 NARMA file.
0.443269316399
0.436492883441
0.276414995430
0.409906649967
0.491018183977
0.373162937692
0.094555144845
0.347928040261
0.010298154115
0.288558489410
0.242165024461
0.251900703705
0.290822877386
0.420413992040
0.230475894732
0.271441752518
0.272617005977
0.394928002334
0.099089256847
0.096883784300
0.219753274876
0.379125158053
0.165360633311
0.343411417221
0.213495932468
0.270334701057
0.225323688925
0.334440605180
0.478941578154
0.177957507981
0.021145440685
0.043460815185
0.196242244210
0.357567280029
0.462830357247
0.303002254327
0.244413400778
0.124530077923
0.455291021296
0.214489674587
