# Frozen Stage 7 Attractant B. Uniform[0,1]. Same attractant field, other corner.
0.216681978907
0.178194600184
0.139907200477
0.524347139592
0.574983059605
0.382874461024
0.968848492831
0.688689755127
0.499380561086
0.749728342133
0.914308649026
0.639493863172
0.861262501453
0.334159555546
0.312779151594
0.193582069644
0.187996213227
0.066759818106
0.375412966173
0.049909600281
0.524899076710
0.486471017245
0.585092889251
0.394807083706
0.585552195367
0.318649489045
0.906252392172
0.484626597009
0.564858952957
0.165324748584
0.443049622046
0.791479755016
0.511821522705
0.065800116124
0.820418133839
0.311241355071
0.833969860307
0.203347663459
0.036565246687
0.863733548601
