# Frozen Stage 7 Attractant A. Uniform[0,1]. Independent of AHL/acid/AttB.
0.423278908603
0.214415634535
0.380849493378
0.547045460572
0.005032398015
0.757741191324
0.530954017200
0.373520632162
0.689107697457
0.501286077891
0.704257839057
0.310783841101
0.412820671766
0.395656754735
0.169082437330
0.880155834478
0.472800347902
0.733918716917
0.687462284285
0.468688755922
0.378097500598
0.326881411109
0.784577123313
0.221073272717
0.281942393961
0.699039451978
0.308930797571
0.529029702793
0.331878234852
0.877826642107
0.183093431078
0.068611179689
0.322861210024
0.268121512845
0.450289507896
0.372669972859
0.908760630038
0.311921975881
0.310285046215
0.470010741311
