# Frozen Stage 7 acid. Uniform[0,1]. Free input, not held at 0.5.
0.221469347798
0.802320599376
0.367088569939
0.653307264536
0.678869909551
0.283757698141
0.198893682262
0.319363499778
0.216112079315
0.783589827414
0.262525362266
0.212055059408
0.770684340111
0.851263104075
0.570640133961
0.378291812989
0.277015120202
0.352359916476
0.938093018208
0.644485724098
0.091284131505
0.566820081977
0.283909569294
0.089762558456
0.689526408637
0.373604905353
0.119325145110
0.595359106064
0.900271734849
0.279343159976
0.679281962118
0.653410503755
0.336312530543
0.848047211955
0.942326347042
0.968321233041
0.408840442147
0.289732967964
0.185514210634
0.487170748704
