0.129251369083
0.130502035204
0.125619717633
0.129099415120
0.110596878803
0.121754207854
0.106886970368
0.120517828524
0.091617183877
0.115945834897
0.108253349547
0.093860623085
0.115496808518
0.099741476699
0.123130863446
0.095064521313
0.113901813584
0.111869410313
0.091438444409
0.126413575637
0.113965578022
0.093506568076
0.086476606120
0.079881267702
0.108278793265
0.079903717841
0.113500523230
0.086325631301
0.097275897337
0.100106421803
0.070484444065
0.083836397735
0.086752643271
0.075954206222
0.056655526765
0.068639934538
0.092449762523
0.053767850188
0.055764999269
0.077229795015
0.072451037538
0.070723168158
0.064968850835
0.071389660737
0.076325587855
0.059148780054
0.080285820839
0.060664459530
