0.127121418608
0.129706167181
0.132169760027
0.116933078140
0.126915471761
0.133632296551
0.129681982254
0.130340685231
0.126272703324
0.105551329279
0.106812683769
0.109354180338
0.119757563313
0.111305459529
0.125539212138
0.105323192619
0.114233440442
0.088688663294
0.096909589395
0.100212565826
0.100958215783
0.113431739879
0.093021491246
0.090765353205
0.098247732403
0.115492951562
0.091548621072
0.083951559644
0.097203979624
0.095842975176
0.072694426578
0.105237630615
0.086760258162
0.077057650578
0.091647647615
0.078112207842
0.081079588582
0.084351208427
0.062395645748
0.077034631439
0.084596258401
0.082507136038
0.080096134818
0.080029934874
0.082915146271
0.060331730986
0.080366108170
0.053320276415
