0.117947429523
0.145057429285
0.116705416360
0.127112058170
0.133255112247
0.116576902309
0.116561815202
0.128024887568
0.121894581047
0.120339631942
0.112119192370
0.114318694767
0.112639789422
0.095134847913
0.112940389080
0.095443814509
0.085916851910
0.090163343410
0.095895586043
0.107678944669
0.098172068292
0.096332088309
0.107706472499
0.081971312797
0.106410542789
0.103121531123
0.085291509028
0.103418830034
0.090471495392
0.078706469575
0.070501229246
0.059089006217
0.076962834254
0.060073314687
0.082158201488
0.066157963969
0.078345667059
0.066275986258
0.078156669599
0.073045766803
0.077144885829
0.068604673875
0.062248965353
0.079680324039
0.067631412539
0.053146092749
0.041139778490
0.066867886071
