0.083906876856
0.090663655326
0.087274188192
0.075490907911
0.082467711528
0.085800683936
0.075503579485
0.065129729796
0.073397545101
0.084279156856
0.085698307252
0.079897857928
0.062403190614
0.079137137996
0.073512135967
0.078291512702
0.076022860876
0.073366329534
0.079279367956
0.073892799097
0.072189797174
0.070915881278
0.074085208494
0.060565543384
0.057127533603
0.072585515353
0.063435942455
0.063071699542
0.063818207323
0.048480185367
0.069237720916
0.037345478856
0.062523141264
0.057043934594
0.063530809057
0.049969724689
0.049306322250
0.052952875176
0.057469833351
0.051993631069
0.053964090348
0.047822784543
0.059918419603
0.053246898237
0.042677858350
0.048737936222
0.046822134876
0.050153864326
