0.161622875484
0.150333891966
0.154445618121
0.134834765280
0.164812952331
0.159533488218
0.160218043296
0.152258720455
0.177040990378
0.149131983865
0.131519434164
0.160799309513
0.157272068312
0.155483651686
0.152869396910
0.124266987062
0.129086119773
0.131079705367
0.134082673237
0.147490716784
0.115850899667
0.131248350233
0.100078160693
0.140954380342
0.136253008904
0.109034357990
0.123475907606
0.112394101075
0.157024824920
0.157802092288
0.126050589780
0.141014417160
0.111881969280
0.127588956116
0.105785697179
0.092584385415
0.129753034289
0.111393714140
0.085278605560
0.121593048072
0.110412757286
0.103494088002
0.099776768027
0.085495560625
0.097192275210
0.109002029747
0.070745098249
0.067231199862
