0.123588191784
0.120601493653
0.120300530196
0.134684822894
0.124401845924
0.117870864178
0.100458048009
0.094281329154
0.107575379289
0.085698898196
0.108089111015
0.091017726681
0.103622897319
0.102528526153
0.122921938025
0.086370420807
0.089538782096
0.109111400662
0.107939103081
0.107116879933
0.086523850646
0.099914052622
0.093391027286
0.084986403002
0.092473755298
0.110376693949
0.080705541358
0.092715615103
0.077605284886
0.078655484146
0.101299093690
0.068398918451
0.088747632640
0.075969206170
0.075905836223
0.067472295013
0.066869865663
0.070248154063
0.081194202583
0.080835797394
0.079212631126
0.059999402735
0.065458975773
0.089559702484
0.068375744685
0.066392327325
0.058898910416
0.068656581661
