0.235431745515
0.254372126485
0.237022491644
0.219422763987
0.190454406055
0.202597301685
0.245807513371
0.233274343635
0.207129594143
0.201318876597
0.192188847589
0.198478229774
0.199416108281
0.157413530051
0.206140273154
0.158606917383
0.160888617752
0.181230086372
0.189350758420
0.149570096119
0.143051647517
0.205504325189
0.185558575818
0.198706382639
0.166391586744
0.161127684197
0.156726173996
0.164403937157
0.163126453878
0.175880090073
0.161347408793
0.157328681335
0.142507667628
0.134891511652
0.135909529482
0.136410248304
0.152123400469
0.149504089579
0.139226204335
0.124143762318
0.096621495798
0.141319052551
0.166167736553
0.083125766058
0.117333604095
0.139153828361
0.130206933683
0.112413388277
