0.080898340898
0.082611364994
0.078281347104
0.082581747450
0.077454241311
0.088896895614
0.090449830180
0.085954635918
0.089455110614
0.070110288378
0.070350324583
0.069817679347
0.074147947555
0.068908924500
0.077973294351
0.088907603119
0.075120443490
0.068249219349
0.057067737232
0.063573017596
0.088888344544
0.063517420277
0.069715517437
0.075544271207
0.067695631967
0.060783639244
0.058220220317
0.070386063740
0.056481797049
0.056965924198
0.057354586908
0.070532811335
0.063958184025
0.049282019106
0.051801338562
0.062428758434
0.061449545715
0.036063263013
0.060724472550
0.054440765244
0.050337716445
0.056629747981
0.034071586795
0.044452087538
0.036769769459
0.049529857871
0.044107433655
0.044394971963
