0.171746491252
0.187550806492
0.185907330524
0.184627523220
0.193625602568
0.190362830471
0.176535027699
0.165431058718
0.177420926522
0.165920451248
0.162152799979
0.163025829100
0.157587592828
0.155855933441
0.164861572865
0.154934559132
0.175348511452
0.163495106073
0.140871600600
0.148851672935
0.142789053722
0.150578068275
0.175512320356
0.168353821840
0.148264876397
0.135777511869
0.127818720652
0.152439364311
0.135151919290
0.140286825133
0.131086749906
0.131719597408
0.126691400096
0.127405313140
0.123590514144
0.118083357270
0.109980468732
0.089259010806
0.107709352313
0.099290814600
0.119602891136
0.098192118619
0.130114357591
0.113481243102
0.114506347402
0.104165786328
0.083966761124
0.095895406973
