0.178189430090
0.210404617231
0.214787530847
0.202833486952
0.181253124554
0.185180594940
0.160149952552
0.197091425398
0.168544094628
0.183944614711
0.181410779702
0.181119732607
0.190373109520
0.175074269447
0.201220646539
0.172837853494
0.200988171590
0.180097965728
0.147807609210
0.148729623910
0.162056707197
0.175247576107
0.186123521446
0.178260003589
0.161700456173
0.170842360942
0.158467821795
0.145699827479
0.159895946593
0.144509167459
0.153790595917
0.161957464742
0.140006726282
0.141886034151
0.132614550807
0.141982461294
0.152493578200
0.127134604740
0.145004688607
0.129556256390
0.097046232023
0.123574474452
0.100326538109
0.133372476197
0.095633696294
0.121843898990
0.088388759554
0.102910278421
