0.285896784646
0.317590335308
0.260410373486
0.263369838753
0.318084513089
0.281760312508
0.272847210424
0.297630623857
0.310278235085
0.226699112973
0.282661070124
0.278729167290
0.304746312098
0.254120023622
0.272775846448
0.219169616114
0.189576786058
0.277281607844
0.186478248907
0.231114778007
0.193471979374
0.237824796943
0.270918495482
0.272674670999
0.216509139722
0.251026844204
0.234830283233
0.257633807508
0.212975321472
0.167796071444
0.255341402726
0.217148136608
0.192584701661
0.160165926446
0.134003339047
0.186048391371
0.176952975191
0.188373660157
0.198059122723
0.182385797102
0.173475216432
0.198604900665
0.153342761557
0.196566204572
0.218923141284
0.169402092134
0.188693830487
