0.532640960227
0.512821780084
0.426636624091
0.474466563823
0.501412009690
0.524038918610
0.554922176360
0.468004984590
0.605806722833
0.520661384756
0.555880174874
0.624653803003
0.469974238095
0.475283788560
0.471923825050
0.440936338661
0.412741696646
0.431687107662
0.482585669982
0.466729976447
0.471404182044
0.434673813045
0.384018078881
0.429144334810
0.398122531418
0.383143252432
0.439071534624
0.388161123851
0.386765272421
0.434036021737
0.415999675649
0.323081717265
0.316755821562
0.331915003769
0.301224724672
0.354701744797
0.412028939952
0.382998354016
0.345734012247
0.277183547076
0.256628611548
0.360404512255
0.261818895051
0.318866965681
0.361393288702
0.275175654883
0.218450452103
