0.295562446347
0.277512050942
0.272161577261
0.341138058352
0.243210490211
0.256579755482
0.259715689465
0.296404675277
0.270458835108
0.283351968721
0.249951495361
0.282823719729
0.259533618078
0.274950411175
0.262802715045
0.248085412584
0.235004287512
0.202973678983
0.238334426849
0.234723177720
0.235976930904
0.219931556711
0.224591910599
0.204463948515
0.229885180335
0.168842565915
0.245814342090
0.183752361095
0.186504604937
0.215440728929
0.238705368823
0.228754367306
0.176848377490
0.214704297427
0.209725455995
0.196586750495
0.201318103810
0.215056669424
0.172954329211
0.160093402066
0.159365407875
0.121898322880
0.150776793776
0.151538879692
0.166039599059
0.184959451975
0.165223760136
