0.076497809310
0.085983699898
0.109065876279
0.104789935524
0.088869146513
0.108067630654
0.101206328097
0.088387720152
0.089090211732
0.093073271079
0.074109215925
0.080590260460
0.077566198419
0.076345788786
0.088239858297
0.083778786049
0.077798256337
0.084021950047
0.071336071937
0.064748155276
0.076344614814
0.065771675745
0.065859242516
0.082514162108
0.059674765109
0.080127643973
0.064920547080
0.047906113407
0.070807476849
0.078243024328
0.084078424208
0.059070842684
0.053175942986
0.067354512398
0.069978880184
0.074938139815
0.063145007465
0.068861097807
0.066935968145
0.054896743422
0.058312994770
0.054779645048
0.058807968380
0.055881167011
0.051644245566
0.060082925868
0.049353826210
