0.241202987306
0.240601060391
0.269369645788
0.248803691848
0.235741728357
0.200916096018
0.188562658307
0.215150758578
0.171397796392
0.216178222029
0.182035453362
0.207245794638
0.205057052305
0.245843876051
0.172740841614
0.179077564192
0.218222801324
0.215878206162
0.214233759867
0.173047701292
0.199828105245
0.186782054572
0.169972806005
0.184947510596
0.220753387897
0.161411082717
0.185431230206
0.155210569771
0.157310968291
0.202598187380
0.136797836901
0.177495265280
0.151938412340
0.151811672445
0.134944590027
0.133739731326
0.140496308127
0.162388405167
0.161671594789
0.158425262252
0.119998805469
0.130917951547
0.179119404967
0.136751489370
0.132784654651
0.117797820831
0.137313163322
