0.104970698044
0.108254312004
0.108333743750
0.098543108242
0.099749830446
0.113145555994
0.097975598152
0.093115461060
0.085317695444
0.091812250514
0.096656737277
0.091521653960
0.100447937614
0.067228387484
0.079618492819
0.099064521063
0.087512773455
0.100642576053
0.077533560454
0.103311771169
0.072808780727
0.095932621330
0.087483524796
0.081683234638
0.070640109790
0.080843775793
0.068977906333
0.092808561183
0.075325930631
0.067233510792
0.071914118228
0.055399883593
0.058117742086
0.052269400900
0.068118971400
0.078781542811
0.050380140343
0.044889775482
0.054484951146
0.075444945966
0.067090784322
0.055377201726
0.052437385981
0.052304099217
0.072897422786
0.057343220079
0.054082103131
