0.165222729989
0.156562694208
0.165163494901
0.154908482622
0.177793791227
0.180899660361
0.171909271836
0.178910221227
0.140220576757
0.140700649167
0.139635358695
0.148295895109
0.137817849000
0.155946588702
0.177815206238
0.150240886979
0.136498438699
0.114135474465
0.127146035191
0.177776689088
0.127034840554
0.139431034873
0.151088542414
0.135391263934
0.121567278489
0.116440440633
0.140772127479
0.112963594099
0.113931848397
0.114709173816
0.141065622669
0.127916368050
0.098564038212
0.103602677123
0.124857516868
0.122899091430
0.072126526026
0.121448945099
0.108881530489
0.100675432890
0.113259495963
0.068143173590
0.088904175076
0.073539538919
0.099059715743
0.088214867310
0.088789943926
