0.208377166664
0.234368952139
0.295895839961
0.288182904537
0.217723702844
0.239994938673
0.236543041582
0.246303205226
0.256997939530
0.233089626371
0.195272978708
0.238754934532
0.186888898874
0.239677879719
0.230112322506
0.199173603969
0.224747482233
0.195580593988
0.197142871442
0.200134203532
0.238580086928
0.240585087094
0.208942717860
0.173534378111
0.199142435521
0.252377406574
0.173937800004
0.197081856038
0.223366635560
0.193689580812
0.151822008645
0.152239398010
0.178782091229
0.167555064117
0.183530382759
0.171710375654
0.156771542458
0.167666287215
0.155338015062
0.169033142332
0.129877030131
0.127245756573
0.151203905033
0.167054781048
0.160946417810
0.121427486755
0.132173652118
