0.271849271146
0.278557920013
0.254880093214
0.296703106801
0.298847399696
0.299495762081
0.267363946958
0.235919516911
0.294876681024
0.249881350203
0.286583490107
0.320900194762
0.221844628955
0.245041617830
0.265410231410
0.270591947610
0.231899104181
0.260522455094
0.250462997875
0.290706076690
0.262382634600
0.222412535449
0.196573160701
0.237192198343
0.199889831975
0.181993142240
0.239099203800
0.193683121535
0.208024393346
0.222451514469
0.210475882581
0.219688092739
0.218231274588
0.234036788073
0.201623368267
0.213866618781
0.220529388864
0.195822406225
0.212171704773
0.168401469026
0.176541092518
0.134798694351
0.221358732765
0.173569620953
0.168731500741
0.153435645989
0.185316724576
