0.375101612984
0.371814661049
0.369255046441
0.387251205136
0.380725660941
0.353070055397
0.330862117436
0.354841853043
0.331840902495
0.324305599958
0.326051658201
0.315175185656
0.311711866882
0.329723145729
0.309869118264
0.350697022905
0.326990212146
0.281743201200
0.297703345869
0.285578107444
0.301156136551
0.351024640713
0.336707643680
0.296529752795
0.271555023738
0.255637441304
0.304878728622
0.270303838580
0.280573650265
0.262173499812
0.263439194816
0.253382800191
0.254810626279
0.247181028288
0.236166714541
0.219960937465
0.178518021612
0.215418704626
0.198581629200
0.239205782273
0.196384237239
0.260228715183
0.226962486204
0.229012694804
0.208331572656
0.167933522248
0.191790813947
