0.181327310652
0.174548376385
0.150981815822
0.164935423056
0.171601367872
0.151007158970
0.130259459591
0.146795090203
0.168558313711
0.171396614503
0.159795715855
0.124806381229
0.158274275993
0.147024271933
0.156583025403
0.152045721751
0.146732659069
0.158558735911
0.147785598194
0.144379594349
0.141831762555
0.148170416988
0.121131086767
0.114255067205
0.145171030705
0.126871884910
0.126143399083
0.127636414646
0.096960370734
0.138475441831
0.074690957712
0.125046282528
0.114087869187
0.127061618114
0.099939449379
0.098612644500
0.105905750351
0.114939666701
0.103987262138
0.107928180695
0.095645569085
0.119836839205
0.106493796474
0.085355716701
0.097475872444
0.093644269752
0.100307728653
