0.259412334363
0.264339520055
0.233866156279
0.253830943522
0.267264593101
0.259363964508
0.260681370462
0.252545406649
0.211102658557
0.213625367538
0.218708360676
0.239515126627
0.222610919057
0.251078424277
0.210646385238
0.228466880883
0.177377326587
0.193819178790
0.200425131652
0.201916431566
0.226863479758
0.186042982492
0.181530706410
0.196495464806
0.230985903124
0.183097242144
0.167903119288
0.194407959248
0.191685950351
0.145388853155
0.210475261230
0.173520516324
0.154115301156
0.183295295231
0.156224415683
0.162159177163
0.168702416855
0.124791291496
0.154069262877
0.169192516803
0.165014272076
0.160192269635
0.160059869749
0.165830292543
0.120663461972
0.160732216340
0.106640552829
