0.508744252969
0.474044983289
0.438845527974
0.380908812110
0.405194603370
0.491615026742
0.466548687269
0.414259188286
0.402637753194
0.384377695177
0.396956459547
0.398832216563
0.314827060103
0.412280546309
0.317213834767
0.321777235505
0.362460172745
0.378701516840
0.299140192237
0.286103295034
0.411008650378
0.371117151636
0.397412765277
0.332783173488
0.322255368395
0.313452347993
0.328807874315
0.326252907756
0.351760180146
0.322694817587
0.314657362669
0.285015335257
0.269783023304
0.271819058964
0.272820496608
0.304246800939
0.299008179158
0.278452408670
0.248287524635
0.193242991596
0.282638105102
0.332335473105
0.166251532115
0.234667208191
0.278307656721
0.260413867366
0.224826776555
