0.290114858570
0.233410832719
0.254224116339
0.266510224495
0.233153804619
0.233123630403
0.256049775137
0.243789162095
0.240679263884
0.224238384740
0.228637389534
0.225279578845
0.190269695825
0.225880778159
0.190887629017
0.171833703819
0.180326686820
0.191791172087
0.215357889338
0.196344136583
0.192664176619
0.215412944999
0.163942625595
0.212821085577
0.206243062245
0.170583018056
0.206837660068
0.180942990783
0.157412939149
0.141002458492
0.118178012433
0.153925668508
0.120146629374
0.164316402975
0.132315927937
0.156691334117
0.132551972516
0.156313339199
0.146091533606
0.154289771658
0.137209347750
0.124497930706
0.159360648078
0.135262825078
0.106292185498
0.082279556980
0.133735772142
