0.300667783931
0.308891236241
0.269669530559
0.329625904663
0.319066976437
0.320436086592
0.304517440909
0.354081980756
0.298263967731
0.263038868329
0.321598619026
0.314544136623
0.310967303372
0.305738793821
0.248533974124
0.258172239546
0.262159410734
0.268165346473
0.294981433568
0.231701799335
0.262496700467
0.200156321386
0.281908760683
0.272506017809
0.218068715981
0.246951815212
0.224788202149
0.314049649841
0.315604184575
0.252101179560
0.282028834319
0.223763938561
0.255177912232
0.211571394358
0.185168770830
0.259506068577
0.222787428281
0.170557211120
0.243186096145
0.220825514571
0.206988176004
0.199553536055
0.170991121250
0.194384550419
0.218004059493
0.141490196498
0.134462399724
