# Frozen Track A2 subsampled Lorenz'63 AHL input. Affine x[0..199] onto [0, 0.5].
# sigma=10, rho=28, beta=8/3, RK4 dt=0.02, IC=(1,1,1), discard 5000 steps.
# SKIP=50 RK4 steps between samples (dt_sample=1.0). Do not regenerate after NRMSE.
0.397273785838
0.381292920468
0.259256839681
0.381117826665
0.399133515795
0.029032088737
0.353906061808
0.394699918447
0.335718003352
0.461769837284
0.278995880644
0.255016761492
0.423775535559
0.318317783023
0.287564697347
0.069168786596
0.205074954894
0.248326635533
0.377803059149
0.064356065867
0.313376029669
0.375852566105
0.449432744949
0.212671254766
0.150594640244
0.024112754296
0.293123906204
0.242443671458
0.463135180546
0.289275181441
0.212771674282
0.081904849260
0.323906774137
0.291003634848
0.423142294104
0.359204291243
0.284234912572
0.312047629003
0.080857456296
0.260988806802
0.221003534911
0.417166657090
0.201659528101
0.293747266733
0.336590212430
0.122849158003
0.272839905323
0.234138212490
0.470099841974
0.285011944893
0.305885054275
0.370378287053
0.173255669608
0.277666072743
0.167185408695
0.424267628535
0.208085454664
0.158735029533
0.028831129922
0.284994101749
0.204774995813
0.108675568164
0.319745398025
0.253627467042
0.415329985604
0.337019930478
0.237796488079
0.127227383495
0.066492063254
0.318339888883
0.418180261830
0.362836557137
0.283686438998
0.338224255156
0.058163738101
0.285670508926
0.226979131274
0.462172918723
0.159112616686
0.277507797771
0.141793453058
0.119126624616
0.258182872201
0.202529543723
0.491593920773
0.238530969498
0.223338849447
0.104260366251
0.382951727343
0.270592066710
0.172992747505
0.038556876484
0.276915562024
0.316725015100
0.474336038395
0.042518425039
0.317632649765
0.469358801047
0.426957540758
0.221191734806
0.149143750183
0.358717945245
0.243295435571
0.189111220562
0.459808435769
0.228019513065
0.332069246858
0.435582764559
0.215511513260
0.270936919325
0.123765382725
0.197762511355
0.228647184667
0.449534030231
0.164173749675
0.264149074040
0.346951062145
0.403287711449
0.311669895204
0.418089767024
0.182511093296
0.255034758385
0.124379363908
0.179015110842
0.286355075889
0.391237447920
0.495199032662
0.221612035209
0.165570811208
0.500000000000
0.233289322540
0.278869335837
0.077702836607
0.227384417703
0.264487361944
0.223260310705
0.105417596034
0.174661353837
0.123888005026
0.161440805118
0.157849937838
0.167872579948
0.132933393917
0.265627140666
0.179851294816
0.107896150365
0.265880630800
0.193916964544
0.048065668279
0.296689143988
0.221925325064
0.068523180089
0.225447827806
0.227948801340
0.086638360540
0.124957919231
0.279898969087
0.155385478039
0.027765762219
0.286547874886
0.208443130188
0.338062511116
0.170516405964
0.194874021140
0.039518552078
0.295527427915
0.294224314551
0.202879195774
0.394671107208
0.275802135912
0.159389333735
0.113614295854
0.000000000000
0.347775281594
0.409892721449
0.335635079468
0.450851685635
0.271909839744
0.324900447882
0.466328118449
0.278173703481
0.309328005700
0.351180477472
0.170337880360
0.246050302993
0.411022751490
0.485947242080
0.238611189076
0.302285055308
0.072577782012
0.255087934437
0.206994565962
0.061238313464
0.248412449269
0.216144604952
0.068232807284
0.400833492359
0.239095284283
0.354129690414
0.103348881836
