# C1 independent NARMA-10 AHL. u ~ Uniform[0, 0.5], random.Random(2026081504), traj 04.
# Do not regenerate after seeing NRMSE. Uniform[0,1] is forbidden.
0.322129693521
0.103127120255
0.356426568106
0.478677333104
0.454281350213
0.328031087871
0.469143214107
0.212670828256
0.317150080521
0.421292021002
0.471631112854
0.086097761377
0.074972195368
0.081360380192
0.349063797204
0.308969107897
0.468444675570
0.142987492814
0.250987040964
0.336717096609
0.496328622452
0.243968536475
0.498532404932
0.036727767883
0.210829834742
0.224909249838
0.208825214558
0.132276327609
0.132133158272
0.078985460964
0.265191757696
0.208614494424
0.347425756761
0.300562143432
0.270819471235
0.374667259206
0.112045048539
0.453384857283
0.246216576950
0.339356655896
0.126001281278
0.341429802533
0.411800896748
0.057054086058
0.060277388653
0.358391205584
0.133431652742
0.059688260416
0.020710630653
0.027892368658
0.284093991094
0.150487631403
0.007150266758
0.043016073577
0.169431032793
0.411318543372
0.007587477691
0.302504121476
0.209322029902
0.474010160108
0.179514849480
0.446246631231
0.193036927410
0.401398952180
0.239430793260
0.405355779977
0.238002636782
0.160965507155
0.043385499830
0.132741518846
0.141939450175
0.378918073676
0.061043807454
0.172333694611
0.195603966835
0.296127070286
0.160155322115
0.480667459191
0.469532962053
0.069604478436
0.040314907806
0.029221234119
0.277849346741
0.125548737893
0.123914269420
0.013317525115
0.410328695159
0.096166384650
0.359333705356
0.257838750418
0.452971289198
0.377114944459
0.147913146905
0.037699511449
0.135928306566
0.400555130278
0.323180239762
0.460700474583
0.254661562234
0.070435387623
0.035689528845
0.347936656266
0.173319172596
0.331369669385
0.426348776674
0.349411487261
0.103146236168
0.410118401294
0.096369374638
0.233817283569
0.338350868251
0.181787176107
0.347656135079
0.463702927340
0.055144351282
0.103265498478
0.130547015701
0.354686097005
0.362891889909
0.377315348853
0.086075678267
0.357148395900
0.334630921865
0.362793521029
0.310915185151
0.120331810204
0.450090490650
0.082203508245
0.300097113093
0.427449104060
0.193188389500
0.319172677209
0.249409928307
0.388813618041
0.245137387414
0.166902531278
0.268790037922
0.258830191042
0.137852220752
0.381666153723
0.331240708342
0.408888033077
0.439625368624
0.196961273367
0.416250739665
0.323372952504
0.309846614022
0.216672933941
0.261543066524
0.249202593151
0.391416236166
0.403727865720
0.149717001694
0.040942305467
0.188767879444
0.248365738928
0.493099726319
0.459452122673
0.467409801315
0.064906532701
0.269138151612
0.094570871707
0.316768871299
0.428916952674
0.176840337882
0.226155003259
0.324719995432
0.384505618068
0.402980332652
0.291411147344
0.020004043930
0.017468829511
0.446414413337
0.067592707962
0.097578863794
0.434810229907
0.118960753665
0.316318751017
0.115928045047
0.363375663874
0.029333566949
0.409409290270
0.114560239685
0.254737421048
0.149230394445
0.090263815396
0.195077689295
0.175571731201
0.418573895862
0.258440772972
0.189387346526
0.082383131415
0.336392629353
0.107449669189
0.400011055119
0.307900362011
0.174649708510
0.134158838066
0.454802646998
0.367452516780
