# C1 independent NARMA-10 AHL. u ~ Uniform[0, 0.5], random.Random(2026081510), traj 10.
# Do not regenerate after seeing NRMSE. Uniform[0,1] is forbidden.
0.063315008113
0.378712653276
0.477401521824
0.384519718310
0.208670982918
0.156741841929
0.070312438487
0.421341777903
0.180937180856
0.052946186027
0.254942601963
0.078338416871
0.235926357122
0.371773045749
0.236922476422
0.356966760559
0.001084481044
0.271223011935
0.257111492994
0.057051220125
0.387059465460
0.444151983472
0.055508268135
0.411089129962
0.333720792200
0.145616053263
0.302362142988
0.041564576015
0.438125435779
0.460868126475
0.114067512503
0.040214348395
0.329279315207
0.066907580797
0.376644670539
0.238476106037
0.181804515996
0.421501433167
0.119423202243
0.128800144842
0.432422667608
0.190956998408
0.366979570742
0.260187605434
0.217441734889
0.240064810575
0.288286890046
0.155401380761
0.354603025408
0.460294050543
0.023558286463
0.163858109389
0.270912400100
0.170298230247
0.137743481020
0.361473267989
0.307053752982
0.088998832074
0.321049434654
0.083277230191
0.210269091684
0.435757074983
0.013913397659
0.408714506139
0.294369692668
0.438806118280
0.133199534463
0.103353537892
0.220775371653
0.280971187313
0.100286202256
0.112661803242
0.479350616815
0.333100039313
0.479475750026
0.072052282888
0.293559473267
0.295200334673
0.260864062037
0.290615085282
0.299480988546
0.097631395968
0.432086263292
0.420135635425
0.410029689895
0.283759970705
0.354017063860
0.472037545765
0.153336889537
0.159979163581
0.495396246235
0.124128704201
0.099408845033
0.245045501559
0.429358549247
0.464565671178
0.418729543099
0.475138432007
0.336905801529
0.130048803462
0.153197414606
0.446176834592
0.176879363442
0.174081673834
0.144203224885
0.292875688702
0.133051272393
0.322598737285
0.377777501705
0.222284527755
0.470048952735
0.377613139163
0.467854513488
0.308309807713
0.395678104070
0.089567734632
0.370229955822
0.065413930946
0.236676798091
0.461306608708
0.062210385932
0.380277873454
0.308280452071
0.462178430800
0.204298105175
0.141676198977
0.227580392065
0.374582680859
0.491764036953
0.078646720916
0.399824965881
0.091103445952
0.398258066035
0.315169765699
0.299690466783
0.311429338105
0.064039531471
0.478972551291
0.091305448167
0.409677569118
0.303683988335
0.314862347883
0.037980096688
0.406971426022
0.249373302772
0.295707206029
0.123827104292
0.416500523352
0.138128062127
0.225015785338
0.406833046691
0.345129833061
0.432880587143
0.243845130361
0.097495463303
0.480809434256
0.493499981436
0.027295212076
0.399174867440
0.240809173586
0.215221537064
0.314648358035
0.140628416565
0.102105065258
0.205674170014
0.380729592300
0.159662545772
0.023611803638
0.073757189565
0.349350079155
0.317451359386
0.443800816886
0.068509108584
0.400283816203
0.332436259940
0.270401456065
0.260574950615
0.240417225370
0.144047570060
0.436996141898
0.340717871251
0.357893754398
0.087318066297
0.250000361061
0.158227990457
0.176626122239
0.345110765992
0.294034516235
0.389110768694
0.191542907950
0.443765384796
0.200643758681
0.497179990115
0.172636476533
0.200282906105
0.339186304374
0.205624511975
0.496664173078
0.281018199720
0.259854311030
