# C1 independent NARMA-10 AHL. u ~ Uniform[0, 0.5], random.Random(2026081506), traj 06.
# Do not regenerate after seeing NRMSE. Uniform[0,1] is forbidden.
0.363448590362
0.084462786985
0.233345589585
0.015795245199
0.125087910773
0.265713887072
0.306129253852
0.121948981350
0.438488426608
0.110348132919
0.338099242333
0.086943461592
0.158506130875
0.000692627759
0.079657244144
0.319244753771
0.251020888793
0.110255332398
0.413922452239
0.442498794484
0.436934845847
0.474767501684
0.083987185994
0.481868190310
0.467315141562
0.239946178720
0.414398263698
0.478661533001
0.136171122470
0.246466240822
0.444580215588
0.025228814191
0.174208034588
0.123726213751
0.487637590485
0.056109022568
0.247123733573
0.123645192190
0.275110789974
0.483654265031
0.013828016090
0.483678792887
0.017202919186
0.484083302177
0.077134574382
0.256174280897
0.278550071473
0.413712266337
0.111688739642
0.287824295844
0.416177046358
0.464931254867
0.120568240721
0.158446516157
0.361942079267
0.324916585777
0.270957733892
0.490658562995
0.391885087525
0.295823491044
0.460819940128
0.312847245360
0.066668551434
0.030249436234
0.110515270229
0.328952998351
0.307185881264
0.266305237244
0.134695383400
0.319714802121
0.339620202176
0.361464050566
0.416865202929
0.278007214396
0.438196803214
0.410961811209
0.312809315729
0.098620100993
0.356738991497
0.118336119173
0.420674156619
0.451859101896
0.070097177371
0.003600367985
0.313684211052
0.398539480189
0.125752894007
0.402015430393
0.176577701198
0.154109470432
0.334419137039
0.450336354923
0.177732399578
0.239126142706
0.371292263749
0.200077816486
0.050715463844
0.423605240099
0.473955178155
0.417610239588
0.325763220171
0.021270421019
0.158853678581
0.185490111456
0.378201606186
0.299497759144
0.330675441938
0.141727294286
0.393378632118
0.481499068113
0.394029546242
0.153048067115
0.453604918083
0.175016283535
0.428095466724
0.092257913431
0.475023321896
0.240267931118
0.021671148151
0.462073854659
0.437014765644
0.436787781294
0.416503334245
0.253149234315
0.365176879379
0.075410817184
0.390572326394
0.021165309187
0.278102268067
0.400708929101
0.124457565480
0.200333325305
0.477739877681
0.403834395990
0.264729241879
0.469504675252
0.324522182437
0.188582492302
0.332993658611
0.135583053551
0.407176784616
0.171773958490
0.311799930841
0.337702031908
0.416333385009
0.328786817780
0.044478814268
0.055045100299
0.120169622410
0.486987208925
0.036194866040
0.379449914916
0.355927316313
0.286423124682
0.255663674856
0.068041768006
0.169009365404
0.417382347078
0.237838354114
0.487469913193
0.303270832533
0.172476761393
0.188059285111
0.136317826880
0.171248711512
0.177389584037
0.299792100045
0.179702997359
0.225880222625
0.342597424577
0.118326999004
0.187298352767
0.499404949636
0.442882287967
0.432004479006
0.278080127549
0.003643947635
0.022921003479
0.406907110778
0.360972871946
0.457303017942
0.330440518367
0.243252297023
0.452589651799
0.344630653663
0.079175625864
0.432873194225
0.196789166452
0.101348475980
0.212176641291
0.134502158694
0.115889198416
0.366203984608
0.355299952400
0.271572812358
0.112221653229
0.138834185484
0.415479730560
0.361840356370
0.431454810987
