# C1 independent NARMA-10 AHL. u ~ Uniform[0, 0.5], random.Random(2026081505), traj 05.
# Do not regenerate after seeing NRMSE. Uniform[0,1] is forbidden.
0.245420481141
0.060263604839
0.458117310582
0.378373748847
0.317475801571
0.368869838862
0.183315674345
0.084716018872
0.419003182173
0.325367326420
0.328263081052
0.487724899989
0.281116717020
0.305632570299
0.001133818009
0.156269293269
0.140714943636
0.031341179814
0.213347433862
0.309065698829
0.183553491258
0.336236112312
0.366939857614
0.060501744282
0.039971917567
0.049410901433
0.382245340479
0.389219384305
0.022608351315
0.164473943877
0.108529044439
0.405445624103
0.285465741404
0.198302858161
0.417558753579
0.446405405170
0.025247711655
0.320507550077
0.491577013625
0.148522589830
0.154089298594
0.471442909224
0.082279032166
0.256849270345
0.253473391848
0.284437338486
0.291785011604
0.191515015442
0.169812043819
0.070228373144
0.218871202313
0.427116674950
0.311583266066
0.238515145796
0.435405806649
0.376048351556
0.248579215909
0.369715662420
0.369257233666
0.348415275404
0.476311571980
0.167675102554
0.286761108987
0.296991180679
0.331364931455
0.028274102018
0.395969205113
0.447923111906
0.203887970042
0.445862733012
0.440426268625
0.207864516051
0.328628109243
0.041651536765
0.130845174514
0.398259037611
0.045178190952
0.054665715768
0.404572478599
0.415978718732
0.112989346009
0.241168062656
0.380831388857
0.129336983971
0.393668748688
0.107236900138
0.078386342341
0.482219020967
0.480237118515
0.053057144488
0.348109684208
0.036580810485
0.035834052373
0.036383800170
0.396204070634
0.015077568493
0.413202479589
0.172749266799
0.098349623385
0.226795949082
0.400852784355
0.144100183563
0.086744554484
0.439810940436
0.328956915780
0.302791434788
0.146668481694
0.474495740762
0.204328415361
0.139589738407
0.469153999112
0.298327091252
0.209771475354
0.491408901661
0.485860325218
0.275580748787
0.141565443843
0.336996471583
0.443031290899
0.363601448649
0.154767785835
0.462262443908
0.419476764027
0.100584335878
0.490509314348
0.185307624713
0.395262029481
0.014528855376
0.042009706350
0.411376840237
0.129270277625
0.180781291171
0.328278806693
0.063725587095
0.265969242988
0.199105857478
0.187540675085
0.115805555978
0.332313086230
0.348216896418
0.016436363783
0.071675002810
0.292435820180
0.075303659923
0.467720244745
0.334166433968
0.288350353051
0.164264254886
0.397874835781
0.346646526897
0.281008468446
0.361878428064
0.169590837141
0.488650790546
0.491887550637
0.382826597136
0.282560464940
0.274340440939
0.478182803936
0.399443730189
0.094784284202
0.433787024544
0.313905532508
0.352858301247
0.110073782870
0.202485123972
0.330688891564
0.377912239280
0.311516835617
0.418127466699
0.133065648270
0.407832206180
0.210566157180
0.201564106908
0.433328962627
0.410733436047
0.428845510715
0.328764642448
0.445391183925
0.380054486770
0.332983185796
0.074270715698
0.429193327893
0.082537378651
0.285754307306
0.193273579685
0.059516294692
0.167159795620
0.381971774797
0.483002243703
0.048207363978
0.335859365110
0.251837178718
0.028299188359
0.272488088606
0.212625545415
0.337391510139
0.404632897298
0.310170119037
0.268694204765
