# C1 independent NARMA-10 AHL. u ~ Uniform[0, 0.5], random.Random(2026081503), traj 03.
# Do not regenerate after seeing NRMSE. Uniform[0,1] is forbidden.
0.177895039079
0.125149432824
0.160871450981
0.192543896210
0.109033302302
0.363627437566
0.464980642506
0.411654876376
0.087613589019
0.233586212971
0.116839680176
0.341298433130
0.044142426292
0.242578668449
0.213914655225
0.481348013822
0.311265351865
0.151580379925
0.009558743292
0.121587994679
0.272765094183
0.419536957646
0.059079493115
0.345619091441
0.164159591368
0.359876546488
0.369976624636
0.428669232126
0.162210168613
0.029366352582
0.212696047844
0.300978133142
0.449743116077
0.130339944647
0.352051727854
0.266661504865
0.215213471040
0.329759924906
0.198465458444
0.208750833342
0.225085086095
0.283971884434
0.201701584472
0.476541695580
0.224067862174
0.481156369812
0.418874256519
0.484653620363
0.314254522678
0.195627773316
0.229560365414
0.276458205486
0.427553144195
0.439448511847
0.046588817899
0.225940839991
0.179196126372
0.368557314275
0.479440263172
0.329814105509
0.167750989144
0.490119566749
0.053038578409
0.216970810701
0.030192170747
0.327008240545
0.155663250637
0.228650042037
0.151526208496
0.079354846880
0.265046806124
0.332391558041
0.165326885281
0.473583941709
0.374512866202
0.496045163251
0.425487050499
0.184864077000
0.216318383253
0.426188379069
0.185170976289
0.326937954684
0.087250757621
0.209182901702
0.024295987106
0.231867780905
0.337305039197
0.404635486653
0.418427570763
0.073018164980
0.178221594007
0.399573448335
0.408208638126
0.308803125623
0.004709113729
0.107367683939
0.005388215927
0.143422140112
0.461305203649
0.374780561851
0.042837138627
0.075977700657
0.331445263645
0.484679979987
0.024629903037
0.273010450067
0.227404590642
0.429115960442
0.068782635217
0.014454458041
0.273433987702
0.342152219127
0.055993362980
0.387494316178
0.427311731486
0.296105459028
0.221141221682
0.223839283041
0.439562577265
0.223122933823
0.180501408742
0.172002845410
0.221426780282
0.222493652981
0.016982045206
0.073464456356
0.380818316835
0.160601939748
0.104149597052
0.266206746671
0.240087738901
0.422505621891
0.016813764869
0.102067875263
0.488110477106
0.399686957558
0.163950052795
0.480160406382
0.020939595950
0.029576547179
0.223997231574
0.052542225478
0.453076410778
0.396962932949
0.350484523461
0.214577258074
0.227607973207
0.266187825811
0.079439151528
0.469991770768
0.181819766371
0.036959274861
0.006653779903
0.114434764527
0.403428105056
0.299368392225
0.006841226731
0.469936266965
0.003405001128
0.179494609924
0.091240219088
0.251436060904
0.300146042392
0.366181962152
0.155981071790
0.080957435777
0.114091410697
0.270328569598
0.379498376007
0.199199318562
0.428163109349
0.398875049595
0.264932177036
0.072867210293
0.034205800222
0.262514040297
0.191777303181
0.046222031378
0.377735776471
0.092061555935
0.274953957966
0.354910916709
0.199196834255
0.147177563422
0.113754454110
0.321694668356
0.394423331366
0.353772962292
0.045232490978
0.081792415872
0.060966567516
0.096632227779
0.055557401656
0.154966243257
0.234336620899
0.259275172800
0.368913024894
0.091995297217
0.003977098676
0.392547397003
