# C1 independent NARMA-10 AHL. u ~ Uniform[0, 0.5], random.Random(2026081508), traj 08.
# Do not regenerate after seeing NRMSE. Uniform[0,1] is forbidden.
0.438671923932
0.469886434916
0.456373671288
0.242359567450
0.208478069151
0.348447254454
0.205846307308
0.241338290718
0.175757418825
0.269949791096
0.271242767203
0.155212897509
0.031725804218
0.498918081332
0.380086478238
0.459850838342
0.392423645137
0.363459078354
0.475803617845
0.317662690874
0.222380705602
0.135160370299
0.010825138380
0.327733455597
0.370134109743
0.453397905845
0.112291796167
0.310547667488
0.150768385106
0.385400769657
0.014245725686
0.399187156218
0.445500861942
0.405737301356
0.362219048439
0.335391918419
0.248607278248
0.266187303655
0.451814633972
0.234062178371
0.175308367906
0.187652875799
0.449452256289
0.056188273505
0.036837464018
0.489841739711
0.495654865499
0.486394152678
0.250879885410
0.322453201881
0.094417028464
0.204669408070
0.087833579668
0.494808854022
0.370561476778
0.193118420881
0.153058466986
0.181891132306
0.141915515395
0.491340174791
0.365626113379
0.250498120973
0.026559335839
0.138696377826
0.273888603754
0.364472663642
0.375835129858
0.103321787367
0.403153314134
0.156591017907
0.395264395593
0.119487944692
0.361383756520
0.379527482843
0.373299394874
0.009969178954
0.371418214829
0.119401829815
0.286741853092
0.204619396542
0.275576104710
0.093850280159
0.280698684778
0.369150815322
0.271272647445
0.147279748654
0.350323324867
0.164466210275
0.204969552284
0.194365153697
0.042180105721
0.148507003636
0.084384314118
0.349594746483
0.191142973233
0.096714601611
0.405000596908
0.479306180067
0.026410862683
0.428041159465
0.459182367134
0.483303506179
0.446418272082
0.155585349396
0.436348889304
0.338179222002
0.197982682375
0.023535808645
0.479072159498
0.425434665035
0.057593336222
0.148395124580
0.278847408975
0.391085517507
0.272271989806
0.394061642541
0.019722039396
0.315390374147
0.226450844166
0.333262064069
0.195956445377
0.325095391166
0.355223902542
0.185393202126
0.124913807718
0.164979535412
0.218991100123
0.278093100134
0.456880960408
0.201512553410
0.425631236171
0.196314310419
0.099455644159
0.050678543352
0.498409260055
0.065427184529
0.290101903312
0.436570657273
0.051188431447
0.322925797457
0.247148796675
0.217499322228
0.050483193383
0.283641267183
0.079174660386
0.288048655250
0.050735075693
0.005478739324
0.180347241967
0.218232385233
0.095461053848
0.212475479100
0.110215737118
0.379690113511
0.148152071353
0.404009732836
0.352215853239
0.434599801479
0.389605425520
0.345339869523
0.377722571867
0.302545674161
0.294262498628
0.272065492693
0.108432571236
0.141548311988
0.028044250749
0.102886596185
0.284025256439
0.055730144348
0.249527504678
0.092367784651
0.203170417277
0.165560600279
0.196240531467
0.417377963545
0.077828209438
0.245434612059
0.227958910582
0.008136759638
0.410797076207
0.487184259422
0.355657465455
0.083396748281
0.311894107386
0.135772330013
0.387286486325
0.266908200130
0.191660748433
0.353864561963
0.031378588143
0.142633872636
0.495144251971
0.179966745633
0.319931046634
0.418252870553
0.432622692103
0.172325241614
0.128871881999
0.089164254078
