# C1 independent NARMA-10 AHL. u ~ Uniform[0, 0.5], random.Random(2026081501), traj 01.
# Do not regenerate after seeing NRMSE. Uniform[0,1] is forbidden.
0.099286340581
0.090380060756
0.400840306877
0.339079890192
0.320376362441
0.393325915502
0.050212977631
0.362462474363
0.080293139532
0.320201210942
0.020046268325
0.197791052908
0.250091893486
0.158370601630
0.422937636996
0.425195824970
0.041317097205
0.412770645784
0.327341747526
0.238150663758
0.402438283052
0.430031386697
0.306089393007
0.232243314437
0.164847308428
0.243923809481
0.069879793775
0.205712609472
0.411781052593
0.322621307919
0.361238839841
0.295330714309
0.105824985631
0.431858544935
0.002263942902
0.042911149973
0.402440476410
0.040422491053
0.339111955973
0.127035970549
0.112231742645
0.061556753357
0.254929742028
0.343707088339
0.281516153950
0.332360932930
0.191350318066
0.166376091113
0.477133975105
0.096898098042
0.034027290739
0.215665750215
0.345416686967
0.212209263808
0.301168123064
0.302772108030
0.281338436657
0.197176027690
0.163893590905
0.122960283711
0.313600330622
0.323788797687
0.120676511076
0.281177649182
0.387190077887
0.307897022315
0.331983837080
0.006911914147
0.466128854305
0.432350183598
0.283035309227
0.061919576775
0.443632792296
0.025938808105
0.445389949954
0.156701389953
0.326750587175
0.299177910147
0.180831426961
0.225300613102
0.139179251254
0.062723627392
0.052996416342
0.388348202906
0.161799697417
0.306990626089
0.318016884140
0.323529440319
0.069934871393
0.207002761172
0.039473897624
0.340472479405
0.230138410199
0.446958250157
0.208661994884
0.495717289131
0.317692494188
0.266601778297
0.311431039461
0.338081538974
0.178365033415
0.176554536584
0.219652919912
0.480622252046
0.354717663261
0.405363193727
0.267151599371
0.318123872509
0.085264406451
0.259952105207
0.036545205631
0.234400180605
0.410054489460
0.225527620371
0.020680042495
0.099246605291
0.458670904610
0.136907990562
0.271713814184
0.075031946531
0.282880831019
0.265378298961
0.197387498154
0.258711214894
0.113713325443
0.476545168627
0.152659073850
0.035137203042
0.492208732245
0.188044554629
0.093040198717
0.228872691750
0.214679603480
0.088894310411
0.122594084320
0.355049667319
0.263608396222
0.390407827000
0.295457385189
0.447045524690
0.477077565130
0.383819934312
0.043572123759
0.066007414680
0.248223564128
0.382721948931
0.071819761857
0.384605454974
0.465649796427
0.339932254348
0.175757080620
0.452580113628
0.310955403984
0.042194187759
0.474340533485
0.346554155082
0.098794126307
0.317098715032
0.306967876837
0.050865641675
0.045902344075
0.364892693305
0.269332454920
0.487905348743
0.160060516178
0.421262992553
0.100144754195
0.402793551890
0.393047876115
0.115160908507
0.056735206728
0.450280690819
0.155742554138
0.135126999353
0.041482323253
0.068561496025
0.467296333364
0.125524042620
0.326621673845
0.394967840882
0.372055741756
0.012914980635
0.462264513900
0.093482935170
0.003965367176
0.054740952318
0.174972102012
0.375117285291
0.434056454485
0.072297268170
0.025065092308
0.084293919612
0.321094712850
0.049820818407
0.063865123427
0.212599078265
0.194860682351
0.032560748408
0.256377338523
0.360227029139
