# C1 independent NARMA-10 AHL. u ~ Uniform[0, 0.5], random.Random(2026081502), traj 02.
# Do not regenerate after seeing NRMSE. Uniform[0,1] is forbidden.
0.066658978370
0.130300521213
0.309538136487
0.488798096545
0.212200539942
0.286421490067
0.427254712617
0.478214668523
0.104962937499
0.038230275582
0.130982109944
0.469700041130
0.214120317500
0.244590793669
0.305921687923
0.035952464714
0.470016851898
0.443533411744
0.345142535762
0.411778257680
0.089452195385
0.294303017951
0.400134076547
0.059673589215
0.171888504847
0.053820870186
0.485820105206
0.377807418469
0.365751113253
0.244799499134
0.398668147895
0.498880760472
0.220201029002
0.120693343938
0.090519057503
0.433372221586
0.112640979653
0.442084666526
0.313637366136
0.344215809804
0.316154530857
0.224310391999
0.188456706690
0.115231360179
0.363985276681
0.010023345422
0.256050760066
0.079613366591
0.251563140324
0.199112051456
0.467674181393
0.458655201234
0.157753670906
0.333307738147
0.254034978337
0.426167083728
0.047397605283
0.264678601916
0.368424111632
0.071759388232
0.312692811838
0.036875729773
0.353097299727
0.416724576321
0.494214095913
0.435612689879
0.046546571798
0.245649337690
0.324274879187
0.387197339448
0.098130642854
0.343928887374
0.229129058356
0.477750369332
0.206783347727
0.130429395242
0.134552306480
0.004077547609
0.010817304772
0.052086035231
0.235371160933
0.099310438899
0.105930774118
0.098848689927
0.354655634601
0.222575112125
0.411837453539
0.299827731767
0.425015829572
0.461354973285
0.156750928751
0.253766341359
0.355835178549
0.435335633465
0.171398529933
0.362764345836
0.360237609741
0.287654995587
0.108737966545
0.304298176803
0.077347450710
0.300961652810
0.456181781417
0.321149572104
0.192086830195
0.134691410991
0.165670156152
0.192514649447
0.258515318020
0.396537800430
0.088257326351
0.218321315442
0.255027077058
0.068988146526
0.042840486848
0.208365672949
0.299950203304
0.444682343147
0.031394740454
0.298084127934
0.414852600954
0.443610688558
0.152751698282
0.301810397789
0.144971144253
0.157762249117
0.029020781752
0.490200921686
0.289312222455
0.177090163837
0.182906386229
0.071225488268
0.246838951793
0.121175379638
0.145049718445
0.108718418644
0.456279972124
0.495511163055
0.209720873105
0.195439975682
0.111311601750
0.354434918008
0.047801595493
0.305878699884
0.084347992122
0.045389947875
0.433332751481
0.415312091903
0.473002088277
0.389823978748
0.477742802080
0.031587143964
0.082709850611
0.226844719422
0.174170737228
0.096735290942
0.101361449404
0.063427766329
0.031129006936
0.362319554341
0.378295388159
0.141808502041
0.329056556091
0.091036738912
0.291186952784
0.475722532008
0.332588048819
0.069432885537
0.442864445603
0.184200050453
0.044880600924
0.231548256262
0.168979529037
0.089522933196
0.415932840533
0.095531090130
0.020755791649
0.107609422496
0.134601358821
0.181676323641
0.240744223680
0.079794334628
0.233205748941
0.296096517355
0.160357398832
0.032509729863
0.202641984392
0.399260569686
0.269609912323
0.125448578854
0.131868563021
0.332594467020
0.276926275304
0.480050804360
0.466913376458
0.131029325062
0.005703273187
0.269722412912
0.031884537997
0.236175765671
