# C1 independent NARMA-10 AHL. u ~ Uniform[0, 0.5], random.Random(2026081509), traj 09.
# Do not regenerate after seeing NRMSE. Uniform[0,1] is forbidden.
0.356336291033
0.332609375200
0.357826501766
0.301424492354
0.234672604379
0.087347590293
0.160993618310
0.316496499780
0.437371977275
0.023151820107
0.455067869952
0.493506582668
0.472450190135
0.461664517898
0.236570175735
0.170245741315
0.449125735146
0.249858102592
0.352038463705
0.112996107294
0.116620995367
0.159931699789
0.109200174494
0.368438813076
0.048760353133
0.293190416161
0.086368663146
0.374534049467
0.225635156958
0.192279975931
0.431484530009
0.462560722614
0.258638003709
0.234617273737
0.259424985595
0.318959688286
0.368249356134
0.353792047984
0.130057816804
0.414935631453
0.410569562058
0.155516126575
0.339240121623
0.027325900805
0.284731127318
0.136418512030
0.374986981933
0.287647090064
0.004141301126
0.144509317857
0.077823992837
0.142599856879
0.278010638921
0.447598204291
0.079591901359
0.291115338332
0.071086279500
0.476053388884
0.102522753695
0.146847937385
0.372073395214
0.488249880497
0.326545501524
0.151104727309
0.143522557562
0.166406416469
0.226563045182
0.361084024203
0.261166234936
0.413335406250
0.300558463116
0.409650295239
0.092209882209
0.110342880723
0.067118841427
0.397090400373
0.079447981817
0.338067743114
0.104315980818
0.117308328188
0.294334142425
0.476857605308
0.392192842894
0.374820213564
0.127242132097
0.345485683309
0.257373809283
0.411638815361
0.070318915285
0.267489318873
0.002198535160
0.086403377362
0.433456420606
0.070982906425
0.050911605438
0.395479158644
0.194623725019
0.338789223066
0.091265975699
0.243470752760
0.244325507803
0.209438828950
0.130146862899
0.415673924301
0.259617882438
0.224119121591
0.310857485030
0.295411544979
0.217388014941
0.159914539953
0.110094906265
0.203322188279
0.166640808492
0.149288061584
0.040839424226
0.025442505475
0.082536571111
0.170802584962
0.480152429124
0.264063421685
0.084956504097
0.126249427567
0.414407727704
0.170864452709
0.198573266955
0.200317336549
0.325654889639
0.343884174800
0.427345023639
0.277288609235
0.016583717367
0.483259783772
0.025797763427
0.397417819641
0.030544885575
0.017328211779
0.175931883241
0.078180510633
0.181032810717
0.460454970977
0.272930883339
0.214460911611
0.156211756895
0.183776758850
0.288898640830
0.279656730853
0.365167509164
0.205818699224
0.122339007132
0.053036379146
0.146863879424
0.140391825476
0.401754296880
0.087626874310
0.326186214507
0.434487500887
0.286758681600
0.498639802831
0.238111302439
0.202217637763
0.036179271064
0.076324471365
0.359521720077
0.176983271085
0.120576316458
0.002776662966
0.282213417409
0.411598345699
0.027431376443
0.175757649091
0.239799663215
0.206221767233
0.308993685978
0.302780650764
0.405474235792
0.429133201390
0.417801241055
0.485542193360
0.498676467026
0.217759138432
0.069553223937
0.111760794145
0.455328546002
0.420818476405
0.486359048077
0.299824101203
0.042601393487
0.180894206083
0.420962804729
0.440928770625
0.315885990426
0.363381745167
0.162926870879
0.373744574436
0.380615109652
0.306791546364
0.094148292026
0.056130262397
0.443081309642
0.339099356433
