# C1 independent NARMA-10 AHL. u ~ Uniform[0, 0.5], random.Random(2026081507), traj 07.
# Do not regenerate after seeing NRMSE. Uniform[0,1] is forbidden.
0.194705392248
0.036766563661
0.348341132564
0.417205320287
0.312853827824
0.005851682332
0.315914435956
0.496318270397
0.347182219256
0.026414227913
0.372605805152
0.069186503969
0.453452655925
0.322175594033
0.495429125547
0.336392453223
0.295754701611
0.105119196915
0.320986928836
0.170685908079
0.077442934071
0.153077556636
0.491882295679
0.437988820081
0.151391613817
0.455247907671
0.443603543835
0.145549705015
0.121583063250
0.434354344371
0.056592246570
0.037079489739
0.219808115684
0.351848748663
0.490331886777
0.237762851664
0.491644431563
0.420739077089
0.204063069171
0.251987772456
0.356905527622
0.358100021516
0.140057929100
0.346079846841
0.033511844675
0.366951041340
0.267751174572
0.303606703038
0.123495036448
0.412847384505
0.140119653368
0.063771888543
0.225519038349
0.128180230090
0.188825183219
0.203819785356
0.217108685604
0.207807903414
0.100609857957
0.296186891057
0.287410660333
0.126402975546
0.359805978004
0.144647522539
0.149187997041
0.078873153004
0.407490460803
0.175196246202
0.015473468060
0.136373549929
0.159792285613
0.259133907246
0.266217587897
0.279333802651
0.336170865464
0.449839752969
0.071388317107
0.407407687935
0.012971247839
0.380192451773
0.481381861880
0.480399197298
0.396388710409
0.494701841955
0.278548742570
0.313658558224
0.351691631232
0.320841990031
0.373542171676
0.356369722751
0.189838645973
0.375068753387
0.239835796967
0.486344606969
0.452753649132
0.311526204981
0.294030403621
0.215751108799
0.442389372099
0.139055882203
0.325355756415
0.049048506606
0.333997365180
0.027702254370
0.300931829063
0.443260508832
0.182842889513
0.085998576881
0.475959654892
0.270655758424
0.362837558634
0.093163554520
0.088172188760
0.399721494693
0.392525041518
0.461226748495
0.414883065828
0.350040868003
0.404342388231
0.387969122207
0.032040523378
0.473696510981
0.149067070870
0.282435258444
0.373062424566
0.423065422797
0.310456041285
0.323754160169
0.403258114327
0.010329516499
0.044011486437
0.163723875285
0.274450132516
0.338904983615
0.384340413272
0.349243733597
0.110880368438
0.211919086414
0.019303370552
0.372277642190
0.440513509187
0.218171590348
0.437941742042
0.303035810571
0.161061348744
0.020734386892
0.024939631771
0.369142014116
0.265996901118
0.261327199089
0.260675516713
0.401846337744
0.405293100112
0.402563417654
0.279313371346
0.393940585246
0.459057687453
0.283231613394
0.201777233899
0.100708689663
0.073298685110
0.364070740303
0.032817722096
0.171339538941
0.153466598903
0.400739527850
0.257740344947
0.192502507704
0.037246149941
0.287340177584
0.151024907449
0.082665555749
0.001093201379
0.050166655030
0.211037969564
0.165316468836
0.036280370722
0.421031776254
0.031578600097
0.295410751791
0.252848541106
0.395912369273
0.410755923118
0.287402691157
0.068805533880
0.418270156454
0.140487671757
0.076974436132
0.060572416917
0.038370249294
0.454549336662
0.283633776725
0.467246678441
0.458536709146
0.316167911108
0.004599477270
0.141276851773
0.203347002980
0.064123187561
0.056790479387
