0.136572357662
0.142948392323
0.158795167654
0.130205186743
0.131684919377
0.159042256545
0.140880156254
0.136423605212
0.148815311928
0.155139117542
0.113349556486
0.141330535062
0.139364583645
0.152373156049
0.127060011811
0.136387923224
0.109584808057
0.094788393029
0.138640803922
0.093239124453
0.115557389003
0.096735989687
0.118912398471
0.135459247741
0.136337335500
0.108254569861
0.125513422102
0.117415141616
0.128816903754
0.106487660736
0.083898035722
0.127670701363
0.108574068304
0.096292350831
0.080082963223
0.067001669523
0.093024195686
0.088476487595
0.094186830078
0.099029561362
0.091192898551
0.086737608216
0.099302450332
0.076671380779
0.098283102286
0.109461570642
0.084701046067
0.094346915243
