0.156652974578
0.196002584831
0.180262965172
0.177147312734
0.175895912081
0.161296858849
0.168210542876
0.170829294586
0.172286940478
0.166463123128
0.149686769811
0.166875926812
0.161982500481
0.158866646567
0.171268817034
0.151549200885
0.159820308295
0.126926852283
0.128519184521
0.164612664643
0.135039036523
0.131134253659
0.157501911124
0.126211865625
0.134937652670
0.138913034591
0.139763212350
0.145946730006
0.097886270857
0.117339900914
0.115311533031
0.140738858448
0.137953546395
0.108034526025
0.105946202069
0.108973567431
0.160644725586
0.115412306627
0.115520172347
0.097184422942
0.107648006630
0.092670703169
0.119325618389
0.096207970688
0.063935744987
0.110832074967
0.091275233936
0.105040099166
