0.139809946478
0.135924635573
0.139278960007
0.127440046607
0.148351553401
0.149423699848
0.149747881041
0.133681973479
0.117959758456
0.147438340512
0.124940675102
0.143291745053
0.160450097381
0.110922314478
0.122520808915
0.132705115705
0.135295973805
0.115949552091
0.130261227547
0.125231498937
0.145353038345
0.131191317300
0.111206267724
0.098286580350
0.118596099171
0.099944915988
0.090996571120
0.119549601900
0.096841560767
0.104012196673
0.111225757234
0.105237941291
0.109844046370
0.109115637294
0.117018394037
0.100811684134
0.106933309390
0.110264694432
0.097911203112
0.106085852387
0.084200734513
0.088270546259
0.067399347175
0.110679366382
0.086784810476
0.084365750371
0.076717822994
0.092658362288
