0.067649452952
0.064563685912
0.062074796706
0.059138290604
0.057486061105
0.053779296993
0.063177379269
0.060800607155
0.058719791930
0.063443983517
0.054137371359
0.066855958042
0.059899391387
0.060776311011
0.052598459975
0.052199585232
0.053407446395
0.062361753273
0.057833236977
0.051745414945
0.053235024383
0.057075118756
0.058508413302
0.052328245659
0.054177875527
0.046958166892
0.052265644248
0.048398701433
0.046302779865
0.054551365522
0.046102202281
0.049663241136
0.031030580429
0.043297971538
0.044882956797
0.050272515847
0.038597441953
0.049638225944
0.035421732816
0.032870662686
0.042397289715
0.043211845510
0.046601500495
0.028344071944
0.033060522524
0.026430183554
0.030739298926
0.038730587920
