0.138557240608
0.147781223174
0.138756025471
0.136080788631
0.170569029176
0.121605245105
0.128289877741
0.129857844732
0.148202337638
0.135229417554
0.141675984360
0.124975747680
0.141411859864
0.129766809039
0.137475205587
0.131401357522
0.124042706292
0.117502143756
0.101486839491
0.119167213424
0.117361588860
0.117988465452
0.109965778356
0.112295955300
0.102231974257
0.114942590168
0.084421282957
0.122907171045
0.091876180547
0.093252302469
0.107720364464
0.119352684412
0.114377183653
0.088424188745
0.107352148714
0.104862727998
0.098293375248
0.100659051905
0.107528334712
0.086477164605
0.080046701033
0.079682703938
0.060949161440
0.075388396888
0.075769439846
0.083019799529
0.092479725987
0.082611880068
