0.209288545826
0.204186030019
0.178642664125
0.201527902099
0.185877097158
0.177367668807
0.208147868887
0.203488791698
0.189598882691
0.161870476326
0.179505325542
0.183853197732
0.174534978188
0.167317076456
0.198184470850
0.198725919777
0.170095294138
0.165740167905
0.172270088467
0.196605678108
0.171882413783
0.152333035369
0.177862332787
0.147257582656
0.152786495461
0.137075625080
0.134351797142
0.122826566712
0.169238973996
0.123120945767
0.152929863501
0.123471349605
0.135996768432
0.124931333219
0.121779153673
0.124702180768
0.137782641461
0.145357435727
0.117255239524
0.136955033450
0.096083006437
0.072563793476
0.114269603588
0.131760070348
0.102993238148
0.120839592898
0.090453693576
0.090150756276
