0.300626258131
0.266320480113
0.256410890042
0.213318312045
0.237233281911
0.250706004845
0.262019459305
0.277461088180
0.234002492295
0.302903361417
0.260330692378
0.277940087437
0.312326901502
0.234987119048
0.237641894280
0.235961912525
0.220468169331
0.206370848323
0.215843553831
0.241292834991
0.233364988224
0.235702091022
0.217336906523
0.192009039441
0.214572167405
0.199061265709
0.191571626216
0.219535767312
0.194080561925
0.193382636211
0.217018010868
0.207999837824
0.161540858633
0.158377910781
0.165957501884
0.150612362336
0.177350872399
0.206014469976
0.191499177008
0.172867006124
0.138591773538
0.128314305774
0.180202256128
0.130909447525
0.159433482841
0.180696644351
0.137587827441
0.109225226051
