0.051305790288
0.052485349022
0.054127156002
0.054166871875
0.049271554121
0.049874915223
0.056572777997
0.048987799076
0.046557730530
0.042658847722
0.045906125257
0.048328368638
0.045760826980
0.050223968807
0.033614193742
0.039809246410
0.049532260532
0.043756386727
0.050321288026
0.038766780227
0.051655885584
0.036404390363
0.047966310665
0.043741762398
0.040841617319
0.035320054895
0.040421887897
0.034488953166
0.046404280591
0.037662965316
0.033616755396
0.035957059114
0.027699941796
0.029058871043
0.026134700450
0.034059485700
0.039390771405
0.025190070171
0.022444887741
0.027242475573
0.037722472983
0.033545392161
0.027688600863
0.026218692990
0.026152049609
0.036448711393
0.028671610040
0.027041051565
