0.104501458200
0.104188583332
0.117184476069
0.147947919981
0.144091452268
0.108861851422
0.119997469336
0.118271520791
0.123151602613
0.128498969765
0.116544813185
0.097636489354
0.119377467266
0.093444449437
0.119838939859
0.115056161253
0.099586801984
0.112373741116
0.097790296994
0.098571435721
0.100067101766
0.119290043464
0.120292543547
0.104471358930
0.086767189055
0.099571217761
0.126188703287
0.086968900002
0.098540928019
0.111683317780
0.096844790406
0.075911004323
0.076119699005
0.089391045614
0.083777532059
0.091765191379
0.085855187827
0.078385771229
0.083833143607
0.077669007531
0.084516571166
0.064938515065
0.063622878286
0.075601952517
0.083527390524
0.080473208905
0.060713743377
0.066086826059
