0.045813478612
0.038248904655
0.042991849949
0.054532938140
0.052394967762
0.044434573257
0.054033815327
0.050603164048
0.044193860076
0.044545105866
0.046536635539
0.037054607963
0.040295130230
0.038783099210
0.038172894393
0.044119929148
0.041889393025
0.038899128169
0.042010975024
0.035668035968
0.032374077638
0.038172307407
0.032885837873
0.032929621258
0.041257081054
0.029837382555
0.040063821986
0.032460273540
0.023953056703
0.035403738424
0.039121512164
0.042039212104
0.029535421342
0.026587971493
0.033677256199
0.034989440092
0.037469069908
0.031572503732
0.034430548903
0.033467984072
0.027448371711
0.029156497385
0.027389822524
0.029403984190
0.027940583506
0.025822122783
0.030041462934
0.024676913105
