# Frozen Stage 6 NARMA-10 AHL input. u ~ Uniform[0, 0.5], seed=20260814.
# Standard NARMA-10 range; subset of [0,1]. Do not regenerate after seeing NRMSE.
0.365790573285
0.386512546250
0.261413338540
0.016943683332
0.421377500545
0.399580519139
0.320510054282
0.029358345271
0.292238330218
0.348119588632
0.058994707109
0.077179658917
0.129013363252
0.019660373034
0.066991953856
0.448529515475
0.114631858377
0.319043296175
0.325704053001
0.251079165247
0.230048119985
0.192729501459
0.257436374621
0.473278444449
0.486986770090
0.407145721868
0.184249886393
0.295055937523
0.034209092537
0.214911661221
0.432742875406
0.187213715373
0.023007140026
0.057141145912
0.433016848177
0.052122835155
0.009600294378
0.457679414893
0.156353538065
0.160201236253
0.125088647061
0.035497239206
0.306667222122
0.232947342927
0.407607447645
0.490689064774
0.033812105209
0.424481174695
0.043270390575
0.481689921905
0.199267722563
0.454998763143
0.214175778588
0.401627539915
0.267707960654
0.045768645782
0.437215495851
0.089558260166
0.156961202235
0.010770341930
0.443755866137
0.430701807983
0.469915613015
0.172955153903
0.343740736543
0.460010351391
0.346777231126
0.355794614172
0.112497694104
0.037392153644
0.228221558879
0.176245325096
0.398360447187
0.022422095964
0.294320825775
0.146915078941
0.206356476655
0.100507429259
0.300915872996
0.282223142358
0.019296604952
0.192482005183
0.343299984240
0.063128410798
0.441730934554
0.305189878759
0.012391681354
0.062636742845
0.406383776876
0.461683694265
0.368263822491
0.309603933758
0.012474020029
0.048644450569
0.206286733804
0.182040565423
0.064850360330
0.049892285756
0.299206947570
0.064638640423
0.038558293538
0.468353560542
0.268041647203
0.211573007030
0.071467884356
0.008683806790
0.276763777020
0.114294757448
0.461458063251
0.132367063804
0.259120595434
0.280453657801
0.309999976363
0.019287756719
0.200268991955
0.344777464743
0.369161798470
0.088034001867
0.401415773683
0.130409011767
0.118357709704
0.105418618696
0.095691603973
0.383790657783
0.176789963639
0.116500697738
0.011855302458
0.348327656166
0.314268909061
0.435798400316
0.018797280611
0.389750293484
0.390651665144
0.307542331909
0.286448669114
0.135853031797
0.071011582711
0.363138099715
0.133953182561
0.280684249930
0.397526862368
0.071761444388
0.279476387239
0.003078692323
0.309111625557
0.486306384947
0.389472903555
0.411310042279
0.212182625580
0.295010158863
0.176980164310
0.155066702804
0.271755777857
0.085908750606
0.317188045785
0.235401216878
0.262152900355
0.106416624317
0.050530542726
0.352292440707
0.467292821680
0.175436713973
0.462549083298
0.361156418175
0.445980740120
0.347864613108
0.248167202169
0.343369202630
0.455289584891
0.442985371260
0.239097459845
0.036191300754
0.297366468060
0.272270008878
0.070103021896
0.174106943893
0.068179861377
0.261772138673
0.370248428984
0.128741883409
0.440709500431
0.338136383604
0.040050592288
0.357496095733
0.360574181236
0.484315373005
0.078611623971
0.281125196043
0.380278934447
0.028055374431
0.086715333919
0.443250865026
0.228100126046
0.259842550752
0.363123595131
0.311559656175
0.276267186578
0.051484236599
0.173408256121
0.451012536793
