# Frozen WaveformS AHL. sine/square/triangle, 16 samples/period, phase=0.
# Class seed=20260818 (vector frozen; do not reshuffle).
# First 16 values are triangle (class vector starts with 2).
# Do not regenerate after seeing reservoir AUC.
0.000000000000
0.062500000000
0.125000000000
0.187500000000
0.250000000000
0.312500000000
0.375000000000
0.437500000000
0.500000000000
0.437500000000
0.375000000000
0.312500000000
0.250000000000
0.187500000000
0.125000000000
0.062500000000
0.250000000000
0.345670858091
0.426776695297
0.480969883128
0.500000000000
0.480969883128
0.426776695297
0.345670858091
0.250000000000
0.154329141909
0.073223304703
0.019030116872
0.000000000000
0.019030116872
0.073223304703
0.154329141909
0.500000000000
0.500000000000
0.500000000000
0.500000000000
0.500000000000
0.500000000000
0.500000000000
0.500000000000
0.000000000000
0.000000000000
0.000000000000
0.000000000000
0.000000000000
0.000000000000
0.000000000000
0.000000000000
0.500000000000
0.500000000000
0.500000000000
0.500000000000
0.500000000000
0.500000000000
0.500000000000
0.500000000000
0.000000000000
0.000000000000
0.000000000000
0.000000000000
0.000000000000
0.000000000000
0.000000000000
0.000000000000
0.000000000000
0.062500000000
0.125000000000
0.187500000000
0.250000000000
0.312500000000
0.375000000000
0.437500000000
0.500000000000
0.437500000000
0.375000000000
0.312500000000
0.250000000000
0.187500000000
0.125000000000
0.062500000000
0.250000000000
0.345670858091
0.426776695297
0.480969883128
0.500000000000
0.480969883128
0.426776695297
0.345670858091
0.250000000000
0.154329141909
0.073223304703
0.019030116872
0.000000000000
0.019030116872
0.073223304703
0.154329141909
0.250000000000
0.345670858091
0.426776695297
0.480969883128
0.500000000000
0.480969883128
0.426776695297
0.345670858091
0.250000000000
0.154329141909
0.073223304703
0.019030116872
0.000000000000
0.019030116872
0.073223304703
0.154329141909
0.500000000000
0.500000000000
0.500000000000
0.500000000000
0.500000000000
0.500000000000
0.500000000000
0.500000000000
0.000000000000
0.000000000000
0.000000000000
0.000000000000
0.000000000000
0.000000000000
0.000000000000
0.000000000000
0.250000000000
0.345670858091
0.426776695297
0.480969883128
0.500000000000
0.480969883128
0.426776695297
0.345670858091
0.250000000000
0.154329141909
0.073223304703
0.019030116872
0.000000000000
0.019030116872
0.073223304703
0.154329141909
0.000000000000
0.062500000000
0.125000000000
0.187500000000
0.250000000000
0.312500000000
0.375000000000
0.437500000000
0.500000000000
0.437500000000
0.375000000000
0.312500000000
0.250000000000
0.187500000000
0.125000000000
0.062500000000
0.250000000000
0.345670858091
0.426776695297
0.480969883128
0.500000000000
0.480969883128
0.426776695297
0.345670858091
0.250000000000
0.154329141909
0.073223304703
0.019030116872
0.000000000000
0.019030116872
0.073223304703
0.154329141909
0.500000000000
0.500000000000
0.500000000000
0.500000000000
0.500000000000
0.500000000000
0.500000000000
0.500000000000
0.000000000000
0.000000000000
0.000000000000
0.000000000000
0.000000000000
0.000000000000
0.000000000000
0.000000000000
0.250000000000
0.345670858091
0.426776695297
0.480969883128
0.500000000000
0.480969883128
0.426776695297
0.345670858091
0.250000000000
0.154329141909
0.073223304703
0.019030116872
0.000000000000
0.019030116872
0.073223304703
0.154329141909
0.500000000000
0.500000000000
0.500000000000
0.500000000000
0.500000000000
0.500000000000
0.500000000000
0.500000000000
0.000000000000
0.000000000000
0.000000000000
0.000000000000
0.000000000000
0.000000000000
0.000000000000
0.000000000000
0.500000000000
0.500000000000
0.500000000000
0.500000000000
0.500000000000
0.500000000000
0.500000000000
0.500000000000
0.000000000000
0.000000000000
0.000000000000
0.000000000000
0.000000000000
0.000000000000
0.000000000000
0.000000000000
0.000000000000
0.062500000000
0.125000000000
0.187500000000
0.250000000000
0.312500000000
0.375000000000
0.437500000000
0.500000000000
0.437500000000
0.375000000000
0.312500000000
0.250000000000
0.187500000000
0.125000000000
0.062500000000
0.250000000000
0.345670858091
0.426776695297
0.480969883128
0.500000000000
0.480969883128
0.426776695297
0.345670858091
0.250000000000
0.154329141909
0.073223304703
0.019030116872
0.000000000000
0.019030116872
0.073223304703
0.154329141909
0.000000000000
0.062500000000
0.125000000000
0.187500000000
0.250000000000
0.312500000000
0.375000000000
0.437500000000
0.500000000000
0.437500000000
0.375000000000
0.312500000000
0.250000000000
0.187500000000
0.125000000000
0.062500000000
0.000000000000
0.062500000000
0.125000000000
0.187500000000
0.250000000000
0.312500000000
0.375000000000
0.437500000000
0.500000000000
0.437500000000
0.375000000000
0.312500000000
0.250000000000
0.187500000000
0.125000000000
0.062500000000
0.250000000000
0.345670858091
0.426776695297
0.480969883128
0.500000000000
0.480969883128
0.426776695297
0.345670858091
0.250000000000
0.154329141909
0.073223304703
0.019030116872
0.000000000000
0.019030116872
0.073223304703
0.154329141909
0.000000000000
0.062500000000
0.125000000000
0.187500000000
0.250000000000
0.312500000000
0.375000000000
0.437500000000
0.500000000000
0.437500000000
0.375000000000
0.312500000000
0.250000000000
0.187500000000
0.125000000000
0.062500000000
0.000000000000
0.062500000000
0.125000000000
0.187500000000
0.250000000000
0.312500000000
0.375000000000
0.437500000000
0.500000000000
0.437500000000
0.375000000000
0.312500000000
0.250000000000
0.187500000000
0.125000000000
0.062500000000
0.500000000000
0.500000000000
0.500000000000
0.500000000000
0.500000000000
0.500000000000
0.500000000000
0.500000000000
0.000000000000
0.000000000000
0.000000000000
0.000000000000
0.000000000000
0.000000000000
0.000000000000
0.000000000000
0.500000000000
0.500000000000
0.500000000000
0.500000000000
0.500000000000
0.500000000000
0.500000000000
0.500000000000
0.000000000000
0.000000000000
0.000000000000
0.000000000000
0.000000000000
0.000000000000
0.000000000000
0.000000000000
0.250000000000
0.345670858091
0.426776695297
0.480969883128
0.500000000000
0.480969883128
0.426776695297
0.345670858091
0.250000000000
0.154329141909
0.073223304703
0.019030116872
0.000000000000
0.019030116872
0.073223304703
0.154329141909
