0.274732601063
0.297283232062
0.300351271593
0.291983440867
0.276877187188
0.279626416458
0.262104966786
0.287963997778
0.267980866240
0.278761230298
0.276987545791
0.276783812825
0.283261176664
0.272551988613
0.290854452578
0.270986497446
0.290691720113
0.276068576009
0.253465326447
0.254110736737
0.263439695038
0.272673303275
0.280286465012
0.274782002512
0.263190319321
0.269589652659
0.260927475256
0.251989879235
0.261927162615
0.251156417221
0.257653417142
0.263370225320
0.248004708398
0.249320223906
0.242830185565
0.249387722906
0.256745504740
0.238994223318
0.251503282025
0.240689379473
0.217932362416
0.236502132117
0.220228576676
0.243360733338
0.216943587405
0.235290729293
0.211872131688
0.222037194895
