0.182069435029
0.176774233258
0.180094294964
0.188173056698
0.186676477433
0.181104201280
0.187823670729
0.185422214834
0.180935702053
0.181181574106
0.182575644878
0.175938225574
0.178206591161
0.177148169447
0.176721026075
0.180883950404
0.179322575117
0.177229389718
0.179407682517
0.174967625178
0.172661854347
0.176720615185
0.173020086511
0.173050734881
0.178879956738
0.170886167788
0.178044675390
0.172722191478
0.166767139692
0.174782616897
0.177385058515
0.179427448473
0.170674794940
0.168611580045
0.173574079339
0.174492608064
0.176228348935
0.172100752613
0.174101384232
0.173427588851
0.169213860198
0.170409548170
0.169172875767
0.170582788933
0.169558408454
0.168075485948
0.171029024054
0.167273839174
