0.240475958358
0.241351424643
0.237933802343
0.240369590584
0.227417815162
0.235227945498
0.224820879258
0.234362479967
0.214132028714
0.231162084428
0.225777344683
0.215702436160
0.230847765963
0.219819033689
0.236191604412
0.216545164919
0.229731269509
0.228308587219
0.214006911087
0.238489502946
0.229775904616
0.215454597653
0.210533624284
0.205916887391
0.225795155286
0.205932602489
0.229450366261
0.210427941911
0.218093128136
0.220074495262
0.199339110845
0.208685478415
0.210726850290
0.203167944355
0.189658868735
0.198047954177
0.214714833766
0.187637495131
0.189035499488
0.204060856511
0.200715726277
0.199506217711
0.195478195584
0.199972762516
0.203427911499
0.191404146038
0.206200074587
0.192465121671
