0.208734813799
0.213464558728
0.211091931735
0.202843635538
0.207727398070
0.210060478755
0.202852505639
0.195590810857
0.201378281571
0.208995409799
0.209988815076
0.205928500549
0.193682233430
0.205395996597
0.201458495177
0.204804058891
0.203216002613
0.201356430674
0.205495557569
0.201724959368
0.200532858022
0.199641116894
0.201859645946
0.192395880369
0.189989273522
0.200809860747
0.194405159718
0.194150189679
0.194672745126
0.183936129757
0.198466404641
0.176141835199
0.193766198885
0.189930754216
0.194471566340
0.184978807283
0.184514425575
0.187067012623
0.190228883345
0.186395541748
0.187774863243
0.183475949180
0.191942893722
0.187272828766
0.179874500845
0.184116555355
0.182775494413
0.185107705029
