0.360438380692
0.336424336079
0.329487623029
0.299322818432
0.316063297338
0.325494203391
0.333413621513
0.344222761726
0.313801744607
0.362032352992
0.332231484665
0.344558061206
0.368628831051
0.314490983333
0.316349325996
0.315173338767
0.304327718531
0.294459593826
0.301090487682
0.318904984494
0.313355491757
0.314991463715
0.302135834566
0.284406327609
0.300200517184
0.289342885996
0.284100138351
0.303675037118
0.285856393348
0.285367845347
0.301912607608
0.295599886477
0.263078601043
0.260864537547
0.266170251319
0.255428653635
0.274145610679
0.294210128983
0.284049423906
0.271006904287
0.247014241476
0.239820014042
0.276141579289
0.241636613268
0.261603437988
0.276487651046
0.246311479209
0.226457658236
