0.263136012839
0.255233724376
0.258111932684
0.244384335696
0.265369066632
0.261673441753
0.262152630307
0.256581104318
0.273928693264
0.254392388706
0.242063603915
0.262559516659
0.260090447818
0.258838556180
0.257008577837
0.236986890944
0.240360283841
0.241755793757
0.243857871266
0.253243501749
0.231095629767
0.241873845163
0.220054712485
0.248668066239
0.245377106233
0.226324050593
0.236433135324
0.228675870752
0.259917377444
0.260461464601
0.238235412846
0.248710092012
0.228317378496
0.239312269281
0.224049988025
0.214809069791
0.240827124002
0.227975599898
0.209695023892
0.235115133651
0.227288930100
0.222445861602
0.219843737619
0.209846892437
0.218034592647
0.226301420823
0.199521568774
0.197061839904
