0.206628838628
0.207827955496
0.204796942973
0.207807223215
0.204217968918
0.212227826930
0.213314881126
0.210168245143
0.212618577429
0.199077201865
0.199245227208
0.198872375543
0.201903563288
0.198236247150
0.204581306046
0.212235322183
0.202584310443
0.197774453545
0.189947416063
0.194501112317
0.212221841181
0.194462194194
0.198800862206
0.202880989845
0.197386942377
0.192548547471
0.190754154222
0.199270244618
0.189537257935
0.189876146939
0.190148210836
0.199372967934
0.194770728818
0.184497413374
0.186260936993
0.193700130904
0.193014682000
0.175244284109
0.192507130785
0.188108535671
0.185236401511
0.189640823587
0.173850110756
0.181116461277
0.175738838622
0.184670900510
0.180875203558
0.181076480374
