0.232563200666
0.251540200500
0.231693791452
0.238978440719
0.243278578573
0.231603831616
0.231593270641
0.239617421298
0.235326206733
0.234237742359
0.228483434659
0.230023086337
0.228847852596
0.216594393539
0.229058272356
0.216810670156
0.210141796337
0.213114340387
0.217126910230
0.225375261268
0.218720447804
0.217432461817
0.225394530750
0.207379918958
0.224487379952
0.222185071786
0.209704056320
0.222393181024
0.213330046774
0.205094528702
0.199350860472
0.191362304352
0.203873983978
0.192051320281
0.207510741041
0.196310574778
0.204841966941
0.196393190380
0.204709668720
0.201132036762
0.204001420080
0.198023271712
0.193574275747
0.205776226827
0.197341988777
0.187202264924
0.178797844943
0.196807520250
