0.314802221861
0.328060488539
0.315915744151
0.303595934791
0.283318084239
0.291818111179
0.322065259360
0.313292040544
0.294990715900
0.290923213618
0.284532193312
0.288934760842
0.289591275797
0.260189471036
0.294298191208
0.261024842168
0.262622032427
0.276861060461
0.282545530894
0.254699067283
0.250136153262
0.293853027632
0.279891003072
0.289094467847
0.266474110721
0.262789378938
0.259708321798
0.265082756010
0.264188517715
0.273116063051
0.262943186155
0.260130076934
0.249755367340
0.244424058156
0.245136670638
0.245487173813
0.256486380328
0.254652862705
0.247458343034
0.236900633622
0.217635047059
0.248923336786
0.266317415587
0.208188036240
0.232133522867
0.247407679852
0.241144853578
0.228689371794
