0.408372060037
0.357285328251
0.403055804198
0.371754194316
0.354735337614
0.416295737775
0.406977583395
0.379197765382
0.323740952653
0.359010651085
0.367706395464
0.349069956376
0.334634152912
0.396368941700
0.397451839554
0.340190588276
0.331480335811
0.344540176933
0.393211356217
0.343764827566
0.304666070737
0.355724665574
0.294515165312
0.305572990922
0.274151250161
0.268703594284
0.245653133425
0.338477947992
0.246241891535
0.305859727003
0.246942699210
0.271993536864
0.249862666438
0.243558307347
0.249404361537
0.275565282922
0.290714871454
0.234510479047
0.273910066900
0.192166012873
0.145127586951
0.228539207176
0.263520140695
0.205986476296
0.241679185797
0.180907387153
0.180301512553
