0.392005169662
0.360525930343
0.354294625469
0.351791824162
0.322593717697
0.336421085752
0.341658589172
0.344573880956
0.332926246256
0.299373539623
0.333751853625
0.323965000961
0.317733293134
0.342537634068
0.303098401770
0.319640616590
0.253853704565
0.257038369041
0.329225329287
0.270078073046
0.262268507318
0.315003822247
0.252423731250
0.269875305339
0.277826069182
0.279526424701
0.291893460013
0.195772541713
0.234679801828
0.230623066062
0.281477716897
0.275907092789
0.216069052050
0.211892404137
0.217947134861
0.321289451172
0.230824613254
0.231040344694
0.194368845884
0.215296013259
0.185341406339
0.238651236777
0.192415941375
0.127871489973
0.221664149935
0.182550467871
0.210080198331
