0.261004070408
0.251239435266
0.258198830241
0.221193757606
0.243508415709
0.213773940736
0.241035657049
0.183234367754
0.231891669795
0.216506699094
0.187721246170
0.230993617037
0.199482953398
0.246261726892
0.190129042627
0.227803627168
0.223738820626
0.182876888819
0.252827151275
0.227931156045
0.187013136151
0.172953212239
0.159762535403
0.216557586531
0.159807435682
0.227001046460
0.172651262603
0.194551794673
0.200212843606
0.140968888129
0.167672795470
0.173505286542
0.151908412444
0.113311053529
0.137279869076
0.184899525046
0.107535700375
0.111529998538
0.154459590030
0.144902075076
0.141446336316
0.129937701670
0.142779321474
0.152651175710
0.118297560108
0.160571641678
0.121328919061
