0.129127371825
0.124149593412
0.118276581208
0.114972122210
0.107558593985
0.126354758537
0.121601214309
0.117439583859
0.126887967034
0.108274742718
0.133711916085
0.119798782773
0.121552622021
0.105196919949
0.104399170464
0.106814892789
0.124723506547
0.115666473954
0.103490829891
0.106470048767
0.114150237512
0.117016826604
0.104656491318
0.108355751053
0.093916333784
0.104531288496
0.096797402866
0.092605559730
0.109102731045
0.092204404563
0.099326482272
0.062061160858
0.086595943076
0.089765913594
0.100545031694
0.077194883906
0.099276451889
0.070843465632
0.065741325371
0.084794579430
0.086423691021
0.093203000990
0.056688143887
0.066121045048
0.052860367108
0.061478597853
0.077461175840
