0.420809234462
0.429575061694
0.405666973904
0.362506249108
0.370361189880
0.320299905104
0.394182850795
0.337088189256
0.367889229422
0.362821559403
0.362239465215
0.380746219041
0.350148538895
0.402441293079
0.345675706988
0.401976343179
0.360195931456
0.295615218421
0.297459247820
0.324113414394
0.350495152215
0.372247042893
0.356520007177
0.323400912345
0.341684721884
0.316935643590
0.291399654958
0.319791893186
0.289018334918
0.307581191834
0.323914929484
0.280013452564
0.283772068302
0.265229101614
0.283964922589
0.304987156400
0.254269209480
0.290009377213
0.259112512780
0.194092464046
0.247148948905
0.200653076217
0.266744952394
0.191267392587
0.243687797980
0.176777519109
0.205820556841
