# Frozen Lane A Waveform2c. ORDER_UNI/ORDER_DOWN/ORDER_UP. phase=0. TAKEN.
# One u per line. Do not write a one-line comma file. Not sine/square/triangle.
# Class seed=20260819. 50 blocks x 8 windows. No extra noise.
0.250000000000
0.426776695297
0.500000000000
0.426776695297
0.250000000000
0.073223304703
0.000000000000
0.073223304703
0.250000000000
0.426776695297
0.500000000000
0.426776695297
0.250000000000
0.073223304703
0.000000000000
0.073223304703
0.250000000000
0.250000000000
0.426776695297
0.426776695297
0.500000000000
0.000000000000
0.073223304703
0.073223304703
0.250000000000
0.426776695297
0.500000000000
0.426776695297
0.250000000000
0.073223304703
0.000000000000
0.073223304703
0.250000000000
0.250000000000
0.073223304703
0.073223304703
0.000000000000
0.500000000000
0.426776695297
0.426776695297
0.250000000000
0.250000000000
0.073223304703
0.073223304703
0.000000000000
0.500000000000
0.426776695297
0.426776695297
0.250000000000
0.250000000000
0.073223304703
0.073223304703
0.000000000000
0.500000000000
0.426776695297
0.426776695297
0.250000000000
0.250000000000
0.426776695297
0.426776695297
0.500000000000
0.000000000000
0.073223304703
0.073223304703
0.250000000000
0.250000000000
0.426776695297
0.426776695297
0.500000000000
0.000000000000
0.073223304703
0.073223304703
0.250000000000
0.426776695297
0.500000000000
0.426776695297
0.250000000000
0.073223304703
0.000000000000
0.073223304703
0.250000000000
0.250000000000
0.073223304703
0.073223304703
0.000000000000
0.500000000000
0.426776695297
0.426776695297
0.250000000000
0.250000000000
0.426776695297
0.426776695297
0.500000000000
0.000000000000
0.073223304703
0.073223304703
0.250000000000
0.426776695297
0.500000000000
0.426776695297
0.250000000000
0.073223304703
0.000000000000
0.073223304703
0.250000000000
0.250000000000
0.073223304703
0.073223304703
0.000000000000
0.500000000000
0.426776695297
0.426776695297
0.250000000000
0.250000000000
0.073223304703
0.073223304703
0.000000000000
0.500000000000
0.426776695297
0.426776695297
0.250000000000
0.426776695297
0.500000000000
0.426776695297
0.250000000000
0.073223304703
0.000000000000
0.073223304703
0.250000000000
0.426776695297
0.500000000000
0.426776695297
0.250000000000
0.073223304703
0.000000000000
0.073223304703
0.250000000000
0.250000000000
0.426776695297
0.426776695297
0.500000000000
0.000000000000
0.073223304703
0.073223304703
0.250000000000
0.250000000000
0.073223304703
0.073223304703
0.000000000000
0.500000000000
0.426776695297
0.426776695297
0.250000000000
0.250000000000
0.073223304703
0.073223304703
0.000000000000
0.500000000000
0.426776695297
0.426776695297
0.250000000000
0.250000000000
0.426776695297
0.426776695297
0.500000000000
0.000000000000
0.073223304703
0.073223304703
0.250000000000
0.250000000000
0.426776695297
0.426776695297
0.500000000000
0.000000000000
0.073223304703
0.073223304703
0.250000000000
0.250000000000
0.073223304703
0.073223304703
0.000000000000
0.500000000000
0.426776695297
0.426776695297
0.250000000000
0.426776695297
0.500000000000
0.426776695297
0.250000000000
0.073223304703
0.000000000000
0.073223304703
0.250000000000
0.250000000000
0.073223304703
0.073223304703
0.000000000000
0.500000000000
0.426776695297
0.426776695297
0.250000000000
0.250000000000
0.073223304703
0.073223304703
0.000000000000
0.500000000000
0.426776695297
0.426776695297
0.250000000000
0.250000000000
0.426776695297
0.426776695297
0.500000000000
0.000000000000
0.073223304703
0.073223304703
0.250000000000
0.426776695297
0.500000000000
0.426776695297
0.250000000000
0.073223304703
0.000000000000
0.073223304703
0.250000000000
0.426776695297
0.500000000000
0.426776695297
0.250000000000
0.073223304703
0.000000000000
0.073223304703
0.250000000000
0.426776695297
0.500000000000
0.426776695297
0.250000000000
0.073223304703
0.000000000000
0.073223304703
0.250000000000
0.250000000000
0.073223304703
0.073223304703
0.000000000000
0.500000000000
0.426776695297
0.426776695297
0.250000000000
0.426776695297
0.500000000000
0.426776695297
0.250000000000
0.073223304703
0.000000000000
0.073223304703
0.250000000000
0.250000000000
0.426776695297
0.426776695297
0.500000000000
0.000000000000
0.073223304703
0.073223304703
0.250000000000
0.250000000000
0.426776695297
0.426776695297
0.500000000000
0.000000000000
0.073223304703
0.073223304703
0.250000000000
0.250000000000
0.073223304703
0.073223304703
0.000000000000
0.500000000000
0.426776695297
0.426776695297
0.250000000000
0.426776695297
0.500000000000
0.426776695297
0.250000000000
0.073223304703
0.000000000000
0.073223304703
0.250000000000
0.426776695297
0.500000000000
0.426776695297
0.250000000000
0.073223304703
0.000000000000
0.073223304703
0.250000000000
0.426776695297
0.500000000000
0.426776695297
0.250000000000
0.073223304703
0.000000000000
0.073223304703
0.250000000000
0.250000000000
0.426776695297
0.426776695297
0.500000000000
0.000000000000
0.073223304703
0.073223304703
0.250000000000
0.426776695297
0.500000000000
0.426776695297
0.250000000000
0.073223304703
0.000000000000
0.073223304703
0.250000000000
0.250000000000
0.073223304703
0.073223304703
0.000000000000
0.500000000000
0.426776695297
0.426776695297
0.250000000000
0.426776695297
0.500000000000
0.426776695297
0.250000000000
0.073223304703
0.000000000000
0.073223304703
0.250000000000
0.250000000000
0.426776695297
0.426776695297
0.500000000000
0.000000000000
0.073223304703
0.073223304703
0.250000000000
0.250000000000
0.426776695297
0.426776695297
0.500000000000
0.000000000000
0.073223304703
0.073223304703
0.250000000000
0.250000000000
0.073223304703
0.073223304703
0.000000000000
0.500000000000
0.426776695297
0.426776695297
0.250000000000
0.250000000000
0.426776695297
0.426776695297
0.500000000000
0.000000000000
0.073223304703
0.073223304703
0.250000000000
0.250000000000
0.426776695297
0.426776695297
0.500000000000
0.000000000000
0.073223304703
0.073223304703
0.250000000000
0.250000000000
0.073223304703
0.073223304703
0.000000000000
0.500000000000
0.426776695297
0.426776695297
0.250000000000
0.426776695297
0.500000000000
0.426776695297
0.250000000000
0.073223304703
0.000000000000
0.073223304703
0.250000000000
0.250000000000
0.073223304703
0.073223304703
0.000000000000
0.500000000000
0.426776695297
0.426776695297
