0.099681649300
0.094263944408
0.256615949034
0.227374429530
0.039089580779
0.281078736364
0.393858581127
0.340846303516
0.282854697649
0.203906077293
0.377157392482
0.042559954886
0.401338701572
0.414431414613
0.364095285310
0.342752601102
0.158599013468
0.114023844750
0.491855220573
0.131248340004
0.316258294563
0.076793936146
0.369820809229
0.189585540626
0.064593494301
0.408444328649
0.112098771265
0.411553409048
0.468959701050
0.290437853525
0.492470345535
0.384977806047
0.497733182272
0.404604691068
0.164908905004
0.227764072937
0.201233576373
0.373614423343
0.149869450853
0.268066549065
0.222290562591
0.103521445706
0.214591219087
0.161481245407
0.477570240645
0.120999945878
0.311006965512
0.222981303062
0.133796315951
0.473399336072
0.068587132818
0.460508537829
0.447826174370
0.042870316039
0.013421460842
0.165885090541
0.198829764543
0.076913183603
0.256764878050
0.453316449996
0.328316134292
0.093122040677
0.276543776163
0.021734247320
0.498986986684
0.260235924060
0.452853425756
0.209407818247
0.186723975302
0.301775727656
0.167056583290
0.212064767811
0.359612005264
0.265973023256
0.364566415604
0.351282239596
0.349124025931
0.259167222917
0.304364390751
0.435178042920
0.012307711164
0.062183556054
0.405310349691
0.238557697896
0.452517209470
0.129320200697
0.302888262861
0.377786329047
0.407698191616
0.169321144249
0.039774274312
0.407340329973
0.058315261344
0.242873011433
0.258408253285
0.465949501288
0.034398807585
0.095649775337
0.182323888250
0.161308071690
0.353902306256
0.446727831489
0.037365116891
0.287309778789
0.494288271854
0.270651338966
0.391910945747
0.425624730533
0.146139924756
0.143731435762
0.220848435330
0.224689405389
0.498165814805
0.190196081375
0.393397887805
0.114186816976
0.201518786564
0.479123707294
0.376906389714
0.180796139496
0.239114290011
0.191619254973
0.420996795452
0.005332538788
0.439027630891
0.013791596425
0.221282195613
0.303084010333
0.137999859849
0.348756443923
0.357786030658
0.320250097406
0.084677032275
0.128142854239
0.316278148390
0.494132135077
0.048545498819
0.283962272298
0.463705209560
0.078018754083
0.455525783807
0.420999857816
0.191555750047
0.306770425847
0.205744380447
0.109135649060
0.418849789887
0.367836102658
0.106126582670
0.469593386407
0.247334445179
0.139246971681
0.231277644346
0.075463491385
0.302927279565
0.194127005681
0.175815455895
0.317965207724
0.093835577195
0.162671942727
0.100916522766
0.395945392835
0.485626355723
0.431679515259
0.354197269151
0.213163076788
0.072789527029
0.046699004348
0.064864308671
0.111063446348
0.145706824425
0.240054192491
0.115187161491
0.283307848009
0.182664035685
0.458665509357
0.403263059961
0.379136709038
0.057418394606
0.164050325014
0.295313031987
0.421892527029
0.331632375911
0.280075218229
0.314716083229
0.402550507595
0.100822955390
0.029496878407
0.197404629851
0.260071576980
0.466342342377
0.122938259264
0.212459805658
0.391101791877
0.499940816547
0.450981163535
0.052762701452
0.057128684494
0.448539399249
0.186039418783
0.493653587104
0.210699250088
0.409502175334
0.401994463446
0.017521840524
0.014869599282
0.448088697180
0.085906044146
0.485095507407
0.222261958938
0.187410792494
0.117719679522
0.007035784998
0.492863155441
0.199220085721
0.203656835297
0.251429712983
0.474986618693
0.180530253517
0.032271332499
0.437206003768
0.283488614423
0.114524607068
0.479675983609
0.070813325313
0.222378513415
0.164180110137
0.313587774118
0.014406478584
0.026291889628
0.278686548670
0.101581902430
0.192314678765
0.364506234023
0.373866222837
0.466082331933
0.457674981143
0.356898564813
0.170690351135
0.492081600116
0.428659519363
0.378989667510
0.316122373168
0.056432545778
0.235322449024
0.325804662422
0.299559962139
0.332948405545
0.081772348233
0.327901461784
0.085750680287
0.173157231622
0.457801451816
0.114096827970
0.003369868369
0.317210550830
0.444453260346
0.430404345375
0.062414289795
0.494415449701
0.022641249776
0.448229358625
0.352938094491
0.164968524674
0.362362159074
0.039965475087
0.363023643538
0.022848894319
0.350317892602
0.254795545446
0.116645548077
0.119204762188
0.149724407488
0.449962188446
0.103889764478
0.177127064979
0.450393169513
0.461956890129
0.423804417299
0.300739819736
0.217464125754
0.259162542117
0.222043761803
0.382165436894
0.213285347054
0.462763091364
0.054092650004
0.241538724412
0.361088700569
0.325455641414
0.280587149560
0.158027255283
0.315013041306
0.397305463228
0.129725589670
0.038380461394
0.226530992297
0.281117195671
0.130644225848
0.170021169845
0.190150217453
0.203061547771
0.040922558633
0.001664537854
0.171122502096
0.308896488279
0.418112352373
0.368210665188
0.294015736209
0.473941396935
0.082162213764
0.025744784090
0.398457494112
0.314833629816
0.318998650571
0.446561290569
0.224476704267
0.250133957335
0.262609941756
0.188127472257
0.007917755239
0.043666893411
0.128084759166
0.103223733205
0.297947512109
0.031892690198
0.260297525575
0.290767390834
0.228690580669
0.362421966959
0.109577812340
0.180965571827
0.132850402749
0.211420979841
0.329479502976
0.114914916473
0.368035916463
0.433278704871
0.225943783594
0.276426665293
0.322012427984
0.216965603620
0.293642697528
0.062280924042
0.482564485280
0.422946782026
0.154737268636
0.379943428555
0.070751723623
0.493124404298
0.049932615942
0.097525481995
0.236506513121
0.104479808257
0.068309360563
0.149352205736
0.488022105819
0.187913652205
0.278506702433
0.082038968189
0.437151367661
0.464357499056
0.185408327941
0.431655085313
0.387472607026
0.206132623664
0.107740340836
0.251125265055
0.376367869127
0.011451936718
0.419982380691
0.081931979631
0.356183984301
0.180166475316
0.457270262257
0.320729920729
0.138515148547
0.157405474664
0.433201237770
0.291493737533
0.063707554081
0.034425323049
0.019474595257
0.067097968368
0.236606082010
0.241862740533
0.312127010270
0.022612465348
0.096604999790
0.092921276852
0.472933034942
0.330214708107
0.418632508309
0.450417813866
0.213078697667
0.277444314655
0.049588098546
0.372249123810
0.245512161933
0.210891166489
0.354543199441
0.345979954870
0.245037120894
0.104853612569
0.294768661411
0.057242225422
0.006517766008
0.099055077030
0.000148371400
0.192491194446
0.274325004725
0.130418158777
0.246900787083
0.444465028509
0.015770054052
0.191294764640
0.352009060003
0.162898810082
0.116410147341
0.111292643035
0.360445275102
0.238753276334
0.320531911644
0.113197444828
0.189770936352
0.270395955800
0.243158307660
0.390093710367
0.332311582315
0.422957066815
0.403646826201
0.362561164612
0.441984743986
0.285412740193
0.391673743468
0.368807380106
0.020620758108
0.067503805033
0.391751882238
0.140783709204
0.302390090876
0.232137319490
0.372892948877
0.269117709185
0.324160674663
0.435949167209
0.454035895636
0.079102376379
0.472168011529
0.249876449685
0.214103578683
0.217098672532
0.245110852118
0.314720265732
0.083684179249
0.445296711540
0.052759878125
0.260160197700
0.423055439542
0.262998708897
0.190573902001
0.159457838960
0.127966038660
0.228989064776
0.220729663185
0.239525119154
0.355522240881
0.189118131067
0.373814014620
0.037198837862
0.397512580824
0.083256579746
0.368753328538
0.147197983165
0.092190727620
0.499489825634
0.463356395023
0.477188947650
0.002163345039
0.041887130000
0.378481516656
0.109796098361
0.437098286469
0.161157772379
0.099341474240
0.157064226365
0.137224471288
0.004319703708
0.051703384877
0.114565947549
0.367344399067
0.462100642132
0.488468120289
0.317023776188
0.480468200768
0.407810758551
0.456128285405
0.133641998762
0.258496849194
0.215311699758
0.452310152608
0.256206553440
0.319033291515
0.016548826526
0.142202361800
0.468322540704
0.486953966831
0.385724191453
0.497191256317
0.135067408184
0.102378930394
0.025622551288
0.358174741482
0.284159673693
0.129892090055
0.394116844071
0.101466503140
0.450768862957
0.173084913532
0.342079986883
0.278570793597
0.180128178533
0.180213197109
0.238630638097
0.023065884948
0.118927894431
0.227644001499
0.071032649832
0.337364176540
0.239434423992
0.206396128186
0.089782862110
0.087045116330
0.158550444303
0.075313414486
0.291157160223
0.319997331841
0.105218326751
0.125840146646
0.160669615037
0.190383663926
0.046776275917
0.306135092966
0.457288211286
0.053309188411
0.258568389725
0.033266252991
0.460078105627
0.214216690272
0.057506787508
0.117240509825
0.069890193141
0.214121933839
0.246308361642
0.453136919056
0.211246930943
0.489210510279
0.382180280291
0.280185604941
0.046783027427
0.495911179052
0.433469118470
0.357741047695
0.311419401254
0.138952805294
0.340157833984
0.102318108618
0.100436346596
0.353136570123
0.360526567921
0.329702430653
0.216736265405
0.373295033745
0.262936651009
0.220605444123
0.003309559352
0.250234748170
0.457127043249
0.133003346692
0.323154724102
0.467008568976
0.151536052217
0.458954942447
0.396563740784
0.467311922890
0.468352178895
0.369181140052
0.393550982234
0.258977225121
0.220658725790
0.444009452737
0.157107512089
0.293283717309
0.285103579273
0.244636096916
0.154631762345
0.456444675621
0.116844489817
0.286907681197
0.456908508113
0.275518557253
0.299437870695
0.489141537769
0.320054195548
0.075633878186
0.050372056445
0.322360106300
0.245912642391
0.022294929437
0.372238589447
0.060195945496
0.427920886932
0.491346932529
0.157357135170
0.099308122683
0.387196532116
0.202323671641
0.116828503954
0.095917816003
0.218865635374
0.129058537259
0.231114584110
0.037374426609
0.098992275533
0.464908085743
0.443441044120
0.017674648062
0.138674922162
0.267762297388
0.381170969993
0.482124282152
0.062386363503
0.006626919850
0.127397511648
0.154871857548
0.410862576828
0.348236738556
0.475074067668
0.267933353846
0.440379133701
0.382422447365
0.411033269411
0.186851936062
0.323337384644
0.165968672515
0.000214464006
0.286570642712
0.331520797833
0.018756472904
0.034030740885
0.062821113295
0.121668879964
0.360063557787
0.365792200567
0.233605179869
0.069903928753
0.247845779015
0.312311143939
0.118102336802
0.257753625935
0.094186034644
0.089399269094
0.125849967628
0.417323189397
0.434664412540
0.107885353795
0.000802562463
0.444506020625
0.235973871044
0.055034109803
0.242113898973
0.023199076477
0.385688759336
0.001893273545
0.232429078505
0.449884465739
0.260930419767
0.073558224650
0.113331983940
0.464901111892
0.388084606891
0.304164881982
0.380145522922
0.067243932731
0.255703713752
0.087796201924
0.485045990935
0.185433555586
0.062532559447
0.215182300523
0.217757304807
0.187865766125
0.090877984417
0.353352239951
0.259638622700
0.489988837687
0.368307082916
0.288439072343
0.417594079547
0.436497728131
0.345572323785
0.165561164190
0.368303998791
0.451004713422
0.193823223621
0.488128817294
0.380410088507
0.164518304600
0.240918821884
0.219144058585
0.105980776966
0.277381666251
0.068967368476
0.037417283802
0.014809548218
0.307586376203
0.037885675924
0.059234449647
0.374810026563
0.488276080850
0.016016764657
0.315162785042
0.194204556597
0.221936854946
0.324948703185
0.463957154648
0.064248038451
0.470011807981
0.213528068284
0.063681393614
0.174198358515
0.014641071783
0.442565668827
0.059102826995
0.242169329122
0.498665942329
0.386132758108
0.424980129279
0.463424003768
0.017595987702
0.013943966634
0.179384389938
0.434352444087
0.399330297541
0.281706500703
0.102649501672
0.496450362881
0.306107445426
0.322056154643
0.430112656468
0.263598373431
0.220357122565
0.157534013691
0.261700447728
0.458913351169
0.358293738067
0.123506603190
0.435684186548
0.387602019096
0.329078254601
0.185727864118
0.173146025413
0.150794610175
0.077882228358
0.299587323584
0.055267244471
0.411182232892
0.410408956833
0.244058000748
0.143269240990
0.227080015504
0.095322143259
0.041718270251
0.010947853435
0.260910589293
0.004462217468
0.092856126217
0.048908070302
0.125731100410
0.158082765908
0.372101255793
0.480079811105
0.448231586342
0.486874242772
0.048017510040
0.476318123168
0.442560518849
0.409744503758
0.489385854866
0.255826514935
0.130180858020
0.163966937295
0.350917777853
0.121784383574
0.012101897939
0.385440076057
0.039839882558
0.243234343954
0.342152788068
0.337923238677
0.472058533291
0.049369837221
0.392844705864
0.291395567765
0.131280577570
0.263745002281
0.061296121421
0.212733242500
0.181600027915
0.413043109430
0.443769299377
0.364256244418
0.320473067843
0.130237482187
0.365779002355
0.485575610082
0.113597720064
0.323754888231
0.363994802835
0.078281701839
0.370727287181
0.058329377109
0.267938151129
0.012580732814
0.492478118390
0.000047614956
0.295366091833
0.159216575956
0.278410470748
0.463697320838
0.443688147571
0.358916037913
0.447120022178
0.389433920881
0.392218115095
0.339174996761
0.121393939959
0.045139972299
0.420294496543
0.077492748631
