# Frozen Lane A NARMA-10 drive. LANE_A_NARMA10. Not Narma10b.
# u ~ Uniform[0, 0.5], Python random.Random(20260828). 12 decimals.
# Do not regenerate after seeing NRMSE. Do not copy Narma10b hash.
0.457974863673
0.164851655094
0.137448798611
0.229285365599
0.383943120297
0.313694495007
0.465895131051
0.110745765376
0.386483292312
0.449739767213
0.135865764270
0.186294332122
0.283421591363
0.459356570910
0.475094808388
0.043304099737
0.465619029788
0.108643963273
0.282836961306
0.054011175847
0.215394294978
0.186884378062
0.343429439702
0.147114942636
0.478933668628
0.329271551836
0.343347123859
0.328129351510
0.010536766730
0.312626782383
0.240794805112
0.155676356008
0.373674232624
0.044381080612
0.445970403299
0.087813387831
0.018915880552
0.023999109401
0.336031344222
0.429310540221
0.440312373450
0.279815901971
0.415208319468
0.419066084340
0.182425112735
0.376589585610
0.383258500361
0.274302773037
0.491759924064
0.232104136367
0.029892894321
0.439981540793
0.327738043326
0.246847234410
0.472646865216
0.115188705297
0.190759212912
0.027809532941
0.073238369562
0.145892615788
0.132475450845
0.328570750736
0.015670766080
0.210219122956
0.033998327228
0.261874767544
0.331965279931
0.110963802149
0.228645382654
0.292499922818
0.012603499501
0.229198318739
0.082023103067
0.160342578567
0.407402566849
0.375046524258
0.342343804143
0.299803724821
0.263461978807
0.138069209289
0.350244123594
0.436633100633
0.212430198527
0.287219367334
0.015689141750
0.132755889462
0.414813945747
0.232835676395
0.181378538272
0.426077224455
0.270142712469
0.426636746079
0.062644890457
0.407313208374
0.304404676822
0.395118382467
0.231610674657
0.027989236963
0.465854228830
0.309244097857
0.381705368670
0.332447631353
0.067708173873
0.132562238539
0.167689687043
0.338543138963
0.494167345935
0.460524052020
0.380045749160
0.418838462003
0.274661634958
0.294783707158
0.037605128174
0.120787811607
0.049069347300
0.181071243759
0.106444401738
0.031897520722
0.370261886772
0.265889070297
0.307715605076
0.431299000665
0.161837608989
0.382108084171
0.002335207667
0.256922192898
0.004594212650
0.182799371506
0.266797113594
0.249425866842
0.357610813264
0.071931633837
0.385549276949
0.458269165654
0.340427684431
0.242933443823
0.076074187704
0.476139695986
0.096111125821
0.488322146202
0.138251928137
0.333555001403
0.494199000624
0.166818286148
0.053948504362
0.497272033627
0.473751691242
0.164608590027
0.073359760172
0.374286092527
0.193228968685
0.329545370324
0.495443370268
0.398983062755
0.158149464472
0.349177588661
0.361168760410
0.166601741688
0.013700475767
0.380763527885
0.170693049097
0.288378139271
0.260865503738
0.185190161735
0.102598855625
0.251927343417
0.034514688064
0.466775136131
0.032051857957
0.342188646231
0.168805206725
0.265171983298
0.495903567693
0.242046379664
0.410778267178
0.107643040228
0.087447890679
0.005258641183
0.288796613240
0.054970510322
0.025373475955
0.171216792637
0.221032896396
0.407810803430
0.005908127400
0.479076771594
0.228259188142
0.467408146739
0.128392818487
0.456407136927
0.237702562891
0.466007367468
0.106323478319
0.250245088758
0.092069923184
0.289096430467
0.062548125935
0.475333370811
0.188011201065
0.336408917335
