0.238984993026
0.240794317027
0.242518832019
0.231853154698
0.238840830233
0.243542607586
0.240777387578
0.241238479662
0.238390892327
0.223885930495
0.224768878638
0.226547926237
0.233830294319
0.227913821670
0.237877448497
0.223726234833
0.229963408309
0.212082064305
0.217836712576
0.220148796078
0.220670751048
0.229402217915
0.215115043872
0.213535747243
0.218773412682
0.230845066093
0.214084034751
0.208766091751
0.218042785737
0.217090082623
0.200886098604
0.223666341430
0.210732180713
0.203940355405
0.214153353331
0.204678545489
0.206755712007
0.209045845899
0.193676952023
0.203924242007
0.209217380881
0.207754995227
0.206067294372
0.206020954412
0.208040602390
0.192232211690
0.206256275719
0.187324193490
