0.247866962534
0.245147244901
0.247495272005
0.239208032625
0.253846087380
0.254596589894
0.254823516729
0.243577381435
0.232571830919
0.253206838358
0.237458472571
0.250304221537
0.262315068167
0.227645620134
0.235764566240
0.242893580993
0.244707181664
0.231164686463
0.241182859283
0.237662049256
0.251747126842
0.241833922110
0.227844387407
0.218800606245
0.233017269420
0.219961441191
0.213697599784
0.233684721330
0.217789092537
0.222808537671
0.227858030064
0.223666558903
0.226890832459
0.226380946106
0.231912875826
0.220568178894
0.224853316573
0.227185286102
0.218537842179
0.224260096671
0.208940514159
0.211789382381
0.197179543023
0.227475556468
0.210749367333
0.209056025259
0.203702476096
0.214860853601
