0.270222543876
0.281285564545
0.280135131367
0.279239266254
0.285537921797
0.283253981329
0.273574519389
0.265801741103
0.274194648565
0.266144315873
0.263506959985
0.264118080370
0.260311314979
0.259099153409
0.265403101005
0.258454191392
0.272743958017
0.264446574251
0.248610120420
0.254196171054
0.249952337605
0.255404647793
0.272858624249
0.267847675288
0.253785413478
0.245044258308
0.239473104456
0.256707555018
0.244606343503
0.248200777593
0.241760724934
0.242203718186
0.238683980067
0.239183719198
0.236513359901
0.232658350089
0.226986328113
0.212481307564
0.225396546619
0.219503570220
0.233722023795
0.218734483034
0.241080050314
0.229436870172
0.230154443181
0.222916050430
0.208776732787
0.217126784881
