0.259657082205
0.287201809382
0.276184075620
0.274003118914
0.273127138457
0.262907801194
0.267747380013
0.269580506210
0.270600858334
0.266524186190
0.254780738868
0.266813148769
0.263387750336
0.261206652597
0.269888171924
0.256084440619
0.261874215806
0.238848796598
0.239963429164
0.265228865250
0.244527325566
0.241793977561
0.260251337787
0.238348305937
0.244456356869
0.247239124214
0.247834248645
0.252162711004
0.218520389600
0.232137930640
0.230718073122
0.248517200914
0.246567482476
0.225624168217
0.224162341448
0.226281497201
0.262451307910
0.230788614639
0.230864120643
0.218029096059
0.225353604641
0.214869492219
0.233527932872
0.217345579481
0.194755021491
0.227582452477
0.213892663755
0.223528069416
