0.245600650364
0.250063874626
0.261156617358
0.241143630720
0.242179443564
0.261329579581
0.248616109378
0.245496523649
0.254170718350
0.258597382280
0.229344689540
0.248931374543
0.247555208552
0.256661209234
0.238942008268
0.245471546257
0.226709365640
0.216351875120
0.247048562745
0.215267387117
0.230890172302
0.217715192781
0.233238678930
0.244821473419
0.245436134850
0.225778198903
0.237859395471
0.232190599132
0.240171832628
0.224541362515
0.208728625005
0.239369490954
0.226001847813
0.217404645582
0.206058074256
0.196901168666
0.215116936980
0.211933541317
0.215930781055
0.219320692953
0.213835028986
0.210716325751
0.219511715233
0.203669966545
0.218798171600
0.226623099449
0.209290732247
0.216042840670
