0.246990068425
0.253446856222
0.247129217830
0.245256552041
0.269398320423
0.235123671574
0.239802914419
0.240900491313
0.253741636347
0.244660592288
0.249173189052
0.237483023376
0.248988301905
0.240836766327
0.246232643911
0.241980950266
0.236829894404
0.232251500629
0.221040787644
0.233417049397
0.232153112202
0.232591925816
0.226976044849
0.228607168710
0.221562381980
0.230459813117
0.209094898070
0.236035019731
0.214313326383
0.215276611728
0.225404255125
0.233546879088
0.230064028557
0.211896932121
0.225146504100
0.223403909598
0.218805362673
0.220461336333
0.225269834298
0.210534015224
0.206032690723
0.205777892756
0.192664413008
0.202771877822
0.203038607892
0.208113859671
0.214735808191
0.207828316048
