0.185914053202
0.186739744315
0.187889009201
0.187916810312
0.184490087885
0.184912440656
0.189600944598
0.184291459353
0.182590411371
0.179861193405
0.182134287680
0.183829858047
0.182032578886
0.185156778165
0.173529935619
0.177866472487
0.184672582372
0.180629470709
0.185224901618
0.177136746159
0.186159119909
0.175483073254
0.183576417465
0.180619233679
0.178589132123
0.174724038427
0.178295321528
0.174142267216
0.182482996414
0.176364075721
0.173531728777
0.175169941380
0.169389959257
0.170341209730
0.168294290315
0.173841639990
0.177573539984
0.167633049120
0.165711421419
0.169069732901
0.176405731088
0.173481774513
0.169382020604
0.168353085093
0.168306434726
0.175514097975
0.170070127028
0.168928736096
