0.236511734249
0.234421045557
0.234210371137
0.244279376026
0.237081292147
0.232509604925
0.220320633606
0.215996930408
0.225302765502
0.209989228737
0.225662377710
0.213712408677
0.222536028123
0.221769968307
0.236045356618
0.210459294565
0.212677147467
0.226377980463
0.225557372157
0.224981815953
0.210566695452
0.219939836836
0.215373719100
0.209490482102
0.214731628709
0.227263685764
0.206493878951
0.214900930572
0.204323699420
0.205058838902
0.220909365583
0.197879242915
0.212123342848
0.203178444319
0.203134085356
0.197230606509
0.196808905964
0.199173707844
0.206835941808
0.206585058176
0.205448841788
0.191999581914
0.195821283041
0.212691791739
0.197863021279
0.196474629128
0.191229237291
0.198059607163
