0.223151020740
0.222932008332
0.232029133248
0.253563543986
0.250864016588
0.226203295995
0.233998228535
0.232790064554
0.236206121829
0.239949278836
0.231581369230
0.218345542548
0.233564227086
0.215411114606
0.233887257902
0.230539312877
0.219710761389
0.228661618781
0.218453207896
0.219000005005
0.220046971236
0.233503030425
0.234204780483
0.223129951251
0.210737032339
0.219699852432
0.238332092301
0.210878230001
0.218978649613
0.228178322446
0.217791353284
0.203137703026
0.203283789304
0.212573731930
0.208644272441
0.214235633966
0.210098631479
0.204870039860
0.208683200525
0.204368305272
0.209161599816
0.195456960546
0.194536014801
0.202921366762
0.208469173367
0.206331246233
0.192499620364
0.196260778241
