0.296501982078
0.292930221013
0.275049864888
0.291069531469
0.280113968011
0.274157368165
0.295703508221
0.292442154188
0.282719217884
0.263309333429
0.275653727880
0.278697238413
0.272174484732
0.267121953519
0.288729129595
0.289108143844
0.269066705897
0.266018117534
0.270589061927
0.287623974676
0.270317689648
0.256633124758
0.274503632951
0.253080307859
0.256950546823
0.245952937556
0.244046257999
0.235978596699
0.268467281797
0.236184662037
0.257050904451
0.236429944724
0.245197737903
0.237451933253
0.235245407571
0.237291526538
0.246447849023
0.251750205009
0.232078667666
0.245868523415
0.217258104506
0.200794655433
0.229988722511
0.242232049243
0.222095266704
0.234587715029
0.213317585504
0.213105529393
