0.197354617067
0.195194580139
0.193452357694
0.191396803423
0.190240242774
0.187645507895
0.194224165488
0.192560425008
0.191103854351
0.194410788462
0.187896159951
0.196799170630
0.191929573971
0.192543417707
0.186818921982
0.186539709663
0.187385212476
0.193653227291
0.190483265884
0.186221790462
0.187264517068
0.189952583129
0.190955889311
0.186629771961
0.187924512869
0.182870716824
0.186585950974
0.183879091003
0.182411945905
0.188185955866
0.182271541597
0.184764268795
0.171721406300
0.180308580077
0.181418069758
0.185190761093
0.177018209367
0.184746758161
0.174795212971
0.173009463880
0.179678102800
0.180248291857
0.182621050347
0.169840850361
0.173142365767
0.168501128488
0.171517509248
0.177111411544
