# Frozen Track A Lorenz'63 AHL input. Affine x[0..199] onto [0, 0.5].
# sigma=10, rho=28, beta=8/3, RK4 dt=0.02, IC=(1,1,1), discard 5000 steps.
# Do not regenerate after seeing NRMSE.
0.406577683620
0.422968243016
0.439491350212
0.455091965033
0.468416531734
0.477962318211
0.482353475883
0.480685400878
0.472808526528
0.459414695685
0.441874710669
0.421901803103
0.401188018617
0.381137590402
0.362743825904
0.346587895534
0.332909384840
0.321702302497
0.312806980192
0.305984323772
0.300969371145
0.297506387199
0.295369599195
0.294373775002
0.294378204100
0.295286800951
0.297046254698
0.299643481956
0.303103105590
0.307485249639
0.312883556386
0.319422929177
0.327256002650
0.336556646087
0.347507822111
0.360279811024
0.374993319783
0.391660958887
0.410101621659
0.429828633248
0.449928682343
0.468977213500
0.485069371521
0.496054391120
0.500000000000
0.495768850720
0.483446965889
0.464377762726
0.440768771406
0.415084021919
0.389506882539
0.365639902638
0.344444815436
0.326335363615
0.311328876964
0.299195088102
0.289574853765
0.282063300507
0.276262031586
0.271808016413
0.268386459051
0.265733488035
0.263632920735
0.261909995198
0.260423914985
0.259060295671
0.257724081504
0.256333160046
0.254812691512
0.253090047626
0.251090192192
0.248731311247
0.245920502431
0.242549356829
0.238489317390
0.233586793280
0.227658185526
0.220485301451
0.211812216486
0.201345663737
0.188762762119
0.173732658129
0.155962651204
0.135284067534
0.111795830166
0.086076833074
0.059447224590
0.034186952091
0.013516759725
0.001100030884
0.000000000000
0.011471366117
0.034320131335
0.065311221199
0.100351527313
0.135701687246
0.168673180050
0.197754917809
0.222399301983
0.242707257517
0.259147630296
0.272354726828
0.283000683024
0.291724253487
0.299097291144
0.305614376913
0.311695489885
0.317695051059
0.323913039332
0.330605374603
0.337991609170
0.346258337893
0.355556773686
0.365992798543
0.377607739800
0.390348564047
0.404027816724
0.418277375222
0.432506644879
0.445884615739
0.457372519239
0.465831815228
0.470211843125
0.469781973432
0.464332632888
0.454260574785
0.440495325557
0.424295339002
0.406995919994
0.389794489406
0.373621625958
0.359101423203
0.346576720279
0.336167998591
0.327841021728
0.321468327753
0.316878150474
0.313889727253
0.312336657056
0.312080927158
0.313020225490
0.315090716313
0.318266863943
0.322559271491
0.328010896250
0.334691396913
0.342688725041
0.352096365790
0.362993885386
0.375417816473
0.389319846893
0.404510677270
0.420592247716
0.436889961295
0.452410322107
0.465863678527
0.475794193994
0.480832362232
0.480023281044
0.473114591664
0.460670138096
0.443945556945
0.424581160119
0.404247315934
0.384368387410
0.365981838621
0.349720297292
0.335870935416
0.324466123235
0.315374127191
0.308374439223
0.303213321208
0.299640997803
0.297434224998
0.296408310445
0.296422145611
0.297379021239
0.299225213105
0.301947647605
0.305571401401
0.310157327689
0.315799681654
0.322623170937
0.330778301273
0.340433131914
0.351758524366
0.364902670172
0.379949381022
0.396854163471
0.415354414193
0.434858556270
0.454337600128
0.472271781793
0.486732080486
0.495668520772
0.497395855578
0.491123058225
0.477270712299
0.457388232794
0.433707252693
