# Frozen Track A Mackey-Glass AHL input. Affine x[0..199] onto [0, 0.5].
# x[t+1] = x[t] + 0.2 x[t-17]/(1+x[t-17]**10) - 0.1 x[t], x=1.2 for t-17<0.
# 1000 transient steps, then 201 recorded samples. Do not regenerate after NRMSE.
0.144259639075
0.163539583336
0.187262817944
0.213290430417
0.239911392498
0.266071870127
0.291384493889
0.315980968248
0.340152400268
0.363766034409
0.385853160673
0.404956644706
0.419988060203
0.430733716339
0.437808473135
0.442394224537
0.445974228847
0.450065126192
0.455903495936
0.464101900380
0.474349707898
0.485266857101
0.494551944317
0.499509836037
0.497781128833
0.487894671845
0.469502931458
0.443471397155
0.411765038777
0.376879745411
0.341103921901
0.306114420732
0.272936615206
0.242044728889
0.213469340118
0.186902931652
0.161843783211
0.137793596824
0.114457298629
0.091854719041
0.070300116738
0.050304948222
0.032513238894
0.017748749141
0.007192801363
0.002639807738
0.006614650933
0.021852594037
0.049680207322
0.088167705689
0.132360837954
0.176772370711
0.217452122678
0.252329447295
0.280644714767
0.302351022680
0.317758533686
0.327377297217
0.331855740808
0.331949415836
0.328503753542
0.322462489525
0.314919636358
0.307222187074
0.301087970743
0.298606214284
0.301901228112
0.312397773343
0.329999678113
0.352514068774
0.375700681227
0.394710237072
0.406423710310
0.410524030212
0.408695967105
0.403336073694
0.396736294769
0.390759114855
0.386748452947
0.385501223125
0.387237850524
0.391582550464
0.397588955821
0.403808421784
0.408321135497
0.408703926896
0.402306139165
0.387474093840
0.365065820105
0.338150952047
0.310175214242
0.283762128615
0.260535820824
0.241278677802
0.226070123360
0.214393342629
0.205278723051
0.197516345231
0.189917380079
0.181573989194
0.172055802035
0.161498742775
0.150611633284
0.140697982120
0.133749026703
0.132443928463
0.139609410837
0.156854679530
0.183188929711
0.215243484840
0.249108178030
0.281906144699
0.312140325995
0.339306768146
0.363407300557
0.384608262899
0.403058073019
0.418817481188
0.431867897616
0.442179890467
0.449823475667
0.455098903118
0.458670232480
0.461659268452
0.465569425972
0.471830647916
0.480887926463
0.491198738436
0.499043044041
0.500000000000
0.491308779590
0.472917412856
0.446685254695
0.415099829134
0.380473595518
0.344659436900
0.309035974653
0.274581319633
0.241952834593
0.211542879232
0.183499610331
0.157715973320
0.133824456650
0.111283074998
0.089615959192
0.068708169129
0.048926861847
0.031011933450
0.015950405402
0.005023345900
0.000000000000
0.003275175125
0.017522796553
0.044343856865
0.082336653189
0.126745312059
0.171725866986
0.212852418479
0.247840601638
0.276003028813
0.297496920686
0.312804914981
0.322489569725
0.327145012395
0.327437047618
0.324144009248
0.318180156491
0.310632504849
0.302836661302
0.296474362681
0.293590990551
0.296330523651
0.306258149101
0.323491319850
0.346032193014
0.369768735554
0.389894739122
0.403220190420
0.409233431934
0.409376196190
0.405855729981
0.400871304115
0.396270343339
0.393418955176
0.393142129100
0.395683096675
0.400693860965
0.407284902837
0.414113435420
0.419407961691
0.420872671606
0.415814670606
0.402250628290
0.380613528102
0.353779942816
0.325234759689
0.297699963513
0.272875940813
0.251602017290
0.234018865089
