0.272906739306
0.269124452327
0.271495924974
0.277266469070
0.276197483881
0.272217286628
0.277016907664
0.275301582024
0.272096930038
0.272272552933
0.273268317770
0.268527303981
0.270147565115
0.269391549605
0.269086447197
0.272059964574
0.270944696512
0.269449564084
0.271005487512
0.267834017984
0.266187038819
0.269086153703
0.266442918936
0.266464810629
0.270628540527
0.264918691277
0.270031910993
0.266230136770
0.261976528352
0.267701869212
0.269560756082
0.271019606052
0.264767710671
0.263293985747
0.266838628099
0.267494720046
0.268734534954
0.265786251866
0.267215274452
0.266733992036
0.263724185855
0.264578248693
0.263694911262
0.264701992095
0.263970291753
0.262911061391
0.265020731467
0.262338456553
