0.328326487289
0.348001292415
0.340131482586
0.338573656367
0.337947956041
0.330648429424
0.334105271438
0.335414647293
0.336143470239
0.333231561564
0.324843384906
0.333437963406
0.330991250240
0.329433323283
0.335634408517
0.325774600442
0.329910154147
0.313463426141
0.314259592260
0.332306332322
0.317519518261
0.315567126830
0.328750955562
0.313105932812
0.317468826335
0.319456517296
0.319881606175
0.322973365003
0.298943135428
0.308669950457
0.307655766515
0.320369429224
0.318976773197
0.304017263012
0.302973101034
0.304486783715
0.330322362793
0.307706153314
0.307760086174
0.298592211471
0.303824003315
0.296335351585
0.309662809194
0.298103985344
0.281967872493
0.305416037484
0.295637616968
0.302520049583
