0.302250729100
0.302094291666
0.308592238035
0.323973959990
0.322045726134
0.304430925711
0.309998734668
0.309135760396
0.311575801306
0.314249484883
0.308272406593
0.298818244677
0.309688733633
0.296722224719
0.309919469930
0.307528080626
0.299793400992
0.306186870558
0.298895148497
0.299285717861
0.300033550883
0.309645021732
0.310146271774
0.302235679465
0.293383594528
0.299785608880
0.313094351644
0.293484450001
0.299270464010
0.305841658890
0.298422395203
0.287955502161
0.288059849503
0.294695522807
0.291888766029
0.295882595690
0.292927593913
0.289192885615
0.291916571804
0.288834503766
0.292258285583
0.282469257533
0.281811439143
0.287800976258
0.291763695262
0.290236604452
0.280356871689
0.283043413030
