0.290449170449
0.291305682497
0.289140673552
0.291290873725
0.288727120655
0.294448447807
0.295224915090
0.292977317959
0.294727555307
0.285055144189
0.285175162292
0.284908839674
0.287073973777
0.284454462250
0.288986647175
0.294453801560
0.287560221745
0.284124609675
0.278533868616
0.281786508798
0.294444172272
0.281758710138
0.284857758718
0.287772135603
0.283847815983
0.280391819622
0.279110110158
0.285193031870
0.278240898525
0.278482962099
0.278677293454
0.285266405667
0.281979092013
0.274641009553
0.275900669281
0.281214379217
0.280724772857
0.268031631507
0.280362236275
0.277220382622
0.275168858222
0.278314873991
0.267035793397
0.272226043769
0.268384884730
0.274764928936
0.272053716827
0.272197485981
