0.308973714761
0.322528714643
0.308352708180
0.313556029085
0.316627556124
0.308288451155
0.308280907601
0.314012443784
0.310947290524
0.310169815971
0.306059596185
0.307159347384
0.306319894711
0.297567423956
0.306470194540
0.297721907254
0.292958425955
0.295081671705
0.297947793022
0.303839472334
0.299086034146
0.298166044155
0.303853236250
0.290985656399
0.303205271394
0.301560765561
0.292645754514
0.301709415017
0.295235747696
0.289353234787
0.285250614623
0.279544503108
0.288481417127
0.280036657344
0.291079100744
0.283078981984
0.289172833529
0.283137993129
0.289078334800
0.286522883401
0.288572442915
0.284302336937
0.281124482677
0.289840162019
0.283815706270
0.276573046375
0.270569889245
0.283433943035
