0.367715872758
0.377186063242
0.368511245822
0.359711381993
0.345227203028
0.351298650842
0.372903756686
0.366637171817
0.353564797071
0.350659438298
0.346094423794
0.349239114887
0.349708054141
0.328706765026
0.353070136577
0.329303458692
0.330444308876
0.340615043186
0.344675379210
0.324785048059
0.321525823758
0.352752162595
0.342779287909
0.349353191319
0.333195793372
0.330563842099
0.328363086998
0.332201968579
0.331563226939
0.337940045036
0.330673704397
0.328664340667
0.321253833814
0.317445755826
0.317954764741
0.318205124152
0.326061700235
0.324752044789
0.319613102167
0.312071881159
0.298310747899
0.320659526275
0.333083868276
0.291562883029
0.308666802048
0.319576914180
0.315103466841
0.306206694139
