0.311794095892
0.310300746826
0.310150265098
0.317342411447
0.312200922962
0.308935432089
0.300229024005
0.297140664577
0.303787689645
0.292849449098
0.304044555507
0.295508863340
0.301811448659
0.301264263076
0.311460969013
0.293185210404
0.294769391048
0.304555700331
0.303969551540
0.303558439967
0.293261925323
0.299957026311
0.296695513643
0.292493201501
0.296236877649
0.305188346974
0.290352770679
0.296357807551
0.288802642443
0.289327742073
0.300649546845
0.284199459225
0.294373816320
0.287984603085
0.287952918111
0.283736147507
0.283434932831
0.285124077032
0.290597101292
0.290417898697
0.289606315563
0.279999701367
0.282729487887
0.294779851242
0.284187872342
0.283196163663
0.279449455208
0.284328290830
