0.318286178831
0.321474196161
0.329397583827
0.315102593371
0.315842459688
0.329521128272
0.320440078127
0.318211802606
0.324407655964
0.327569558771
0.306674778243
0.320665267531
0.319682291823
0.326186578024
0.313530005905
0.318193961612
0.304792404029
0.297394196515
0.319320401961
0.296619562227
0.307778694502
0.298367994844
0.309456199236
0.317729623870
0.318168667750
0.304127284930
0.312756711051
0.308707570808
0.314408451877
0.303243830368
0.291949017861
0.313835350682
0.304287034152
0.298146175415
0.290041481612
0.283500834762
0.296512097843
0.294238243798
0.297093415039
0.299514780681
0.295596449276
0.293368804108
0.299651225166
0.288335690389
0.299141551143
0.304730785321
0.292350523033
0.297173457622
