0.275652895144
0.276242674511
0.277063578001
0.277083435937
0.274635777060
0.274937457612
0.278286388999
0.274493899538
0.273278865265
0.271329423861
0.272953062629
0.274164184319
0.272880413490
0.275111984404
0.266807096871
0.269904623205
0.274766130266
0.271878193364
0.275160644013
0.269383390113
0.275827942792
0.268202195182
0.273983155332
0.271870881199
0.270420808659
0.267660027448
0.270210943948
0.267244476583
0.273202140296
0.268831482658
0.266808377698
0.267978529557
0.263849970898
0.264529435521
0.263067350225
0.267029742850
0.269695385703
0.262595035086
0.261222443870
0.263621237787
0.268861236492
0.266772696080
0.263844300432
0.263109346495
0.263076024804
0.268224355696
0.264335805020
0.263520525783
