0.319278620304
0.323890611587
0.319378012736
0.318040394315
0.335284514588
0.310802622553
0.314144938871
0.314928922366
0.324101168819
0.317614708777
0.320837992180
0.312487873840
0.320705929932
0.314883404519
0.318737602794
0.315700678761
0.312021353146
0.308751071878
0.300743419746
0.309583606712
0.308680794430
0.308994232726
0.304982889178
0.306147977650
0.301115987129
0.307471295084
0.292210641479
0.311453585522
0.295938090274
0.296626151234
0.303860182232
0.309676342206
0.307188591826
0.294212094372
0.303676074357
0.302431363999
0.299146687624
0.300329525952
0.303764167356
0.293238582303
0.290023350517
0.289841351969
0.280474580720
0.287694198444
0.287884719923
0.291509899765
0.296239862994
0.291305940034
