0.314625684541
0.315251017602
0.312809858817
0.314549707560
0.305298439401
0.310877103927
0.303443485184
0.310258914262
0.295808591938
0.307972917449
0.304126674774
0.296930311543
0.307748404259
0.299870738349
0.311565431723
0.297532260657
0.306950906792
0.305934705156
0.295719222205
0.313206787819
0.306982789011
0.296753284038
0.293238303060
0.289940633851
0.304139396633
0.289951858921
0.306750261615
0.293162815651
0.298637948668
0.300053210902
0.285242222032
0.291918198868
0.293376321636
0.287977103111
0.278327763382
0.284319967269
0.296224881261
0.276883925094
0.277882499635
0.288614897508
0.286225518769
0.285361584079
0.282484425417
0.285694830368
0.288162793928
0.279574390027
0.290142910420
0.280332229765
