0.319904973239
0.317962317786
0.319639480003
0.313720023304
0.324175776700
0.324711849924
0.324873940520
0.316840986740
0.308979879228
0.323719170256
0.312470337551
0.321645872527
0.330225048691
0.305461157239
0.311260404457
0.316352557852
0.317647986903
0.307974776045
0.315130613774
0.312615749469
0.322676519173
0.315595658650
0.305603133862
0.299143290175
0.309298049586
0.299972457994
0.295498285560
0.309774800950
0.298420780384
0.302006098336
0.305612878617
0.302618970645
0.304922023185
0.304557818647
0.308509197018
0.300405842067
0.303466654695
0.305132347216
0.298955601556
0.303042926193
0.292100367257
0.294135273130
0.283699673588
0.305339683191
0.293392405238
0.292182875185
0.288358911497
0.296329181144
