0.400313129066
0.383160240057
0.378205445021
0.356659156023
0.368616640956
0.375353002422
0.381009729652
0.388730544090
0.367001246148
0.401451680708
0.380165346189
0.388970043719
0.406163450751
0.367493559524
0.368820947140
0.367980956262
0.360234084665
0.353185424161
0.357921776916
0.370646417496
0.366682494112
0.367851045511
0.358668453261
0.346004519720
0.357286083703
0.349530632854
0.345785813108
0.359767883656
0.347040280963
0.346691318105
0.358509005434
0.353999918912
0.330770429316
0.329188955390
0.332978750942
0.325306181168
0.338675436199
0.353007234988
0.345749588504
0.336433503062
0.319295886769
0.314157152887
0.340101128064
0.315454723763
0.329716741420
0.340348322176
0.318793913721
0.304612613026
