0.330811437742
0.325166945983
0.327222809060
0.317417382640
0.332406476166
0.329766744109
0.330109021648
0.326129360227
0.338520495189
0.324565991933
0.315759717082
0.330399654756
0.328636034156
0.327741825843
0.326434698455
0.312133493531
0.314543059886
0.315539852684
0.317041336618
0.323745358392
0.307925449834
0.315624175117
0.300039080347
0.320477190171
0.318126504452
0.304517178995
0.311737953803
0.306197050537
0.328512412460
0.328901046144
0.313025294890
0.320507208580
0.305940984640
0.313794478058
0.302892848590
0.296292192708
0.314876517144
0.305696857070
0.292639302780
0.310796524036
0.305206378643
0.301747044001
0.299888384014
0.292747780312
0.298596137605
0.304501014873
0.285372549125
0.283615599931
