0.354644272913
0.352093015009
0.339321332063
0.350763951050
0.342938548579
0.338683834404
0.354073934444
0.351744395849
0.344799441345
0.330935238163
0.339752662771
0.341926598866
0.337267489094
0.333658538228
0.349092235425
0.349362959889
0.335047647069
0.332870083953
0.336135044233
0.348302839054
0.335941206892
0.326166517684
0.338931166393
0.323628791328
0.326393247730
0.318537812540
0.317175898571
0.311413283356
0.334619486998
0.311560472884
0.326464931751
0.311735674803
0.317998384216
0.312465666609
0.310889576837
0.312351090384
0.318891320731
0.322678717864
0.308627619762
0.318477516725
0.298041503218
0.286281896738
0.307134801794
0.315880035174
0.301496619074
0.310419796449
0.295226846788
0.295075378138
