0.339094715045
0.355202308615
0.357393765424
0.351416743476
0.340626562277
0.342590297470
0.330074976276
0.348545712699
0.334272047314
0.341972307356
0.340705389851
0.340559866304
0.345186554760
0.337537134724
0.350610323270
0.336418926747
0.350494085795
0.340048982864
0.323903804605
0.324364811955
0.331028353599
0.337623788054
0.343061760723
0.339130001794
0.330850228086
0.335421180471
0.329233910897
0.322849913739
0.329947973297
0.322254583729
0.326895297959
0.330978732371
0.320003363141
0.320943017075
0.316307275403
0.320991230647
0.326246789100
0.313567302370
0.322502344303
0.314778128195
0.298523116012
0.311787237226
0.300163269054
0.316686238099
0.297816848147
0.310921949495
0.294194379777
0.301455139210
