0.313560709304
0.314853083591
0.316084880014
0.308466539070
0.313457735880
0.316816148275
0.314840991127
0.315170342615
0.313136351662
0.302775664639
0.303406341885
0.304677090169
0.309878781657
0.305652729764
0.312769606069
0.302661596309
0.307116720221
0.294344331647
0.298454794697
0.300106282913
0.300479107892
0.306715869940
0.296510745623
0.295382676602
0.299123866202
0.307746475781
0.295774310536
0.291975779822
0.298601989812
0.297921487588
0.286347213289
0.302618815307
0.293380129081
0.288528825289
0.295823823808
0.289056103921
0.290539794291
0.292175604214
0.281197822874
0.288517315719
0.292298129201
0.291253568019
0.290048067409
0.290014967437
0.291457573136
0.280165865493
0.290183054085
0.276660138207
