0.291953438428
0.295331827663
0.293637094096
0.287745453956
0.291233855764
0.292900341968
0.287751789742
0.282564864898
0.286698772551
0.292139578428
0.292849153626
0.289948928964
0.281201595307
0.289568568998
0.286756067983
0.289145756351
0.288011430438
0.286683164767
0.289639683978
0.286946399549
0.286094898587
0.285457940639
0.287042604247
0.280282771692
0.278563766801
0.286292757676
0.281717971227
0.281535849771
0.281909103662
0.274240092684
0.284618860458
0.268672739428
0.281261570632
0.278521967297
0.281765404528
0.274984862345
0.274653161125
0.276476437588
0.278734916675
0.275996815534
0.276982045174
0.273911392271
0.279959209801
0.276623449119
0.271338929175
0.274368968111
0.273411067438
0.275076932163
