0.283824726476
0.282281842956
0.281037398353
0.279569145302
0.278743030553
0.276889648496
0.281588689634
0.280400303577
0.279359895965
0.281721991758
0.277068685679
0.283427979021
0.279949695693
0.280388155505
0.276299229987
0.276099792616
0.276703723197
0.281180876637
0.278916618488
0.275872707473
0.276617512192
0.278537559378
0.279254206651
0.276164122829
0.277088937763
0.273479083446
0.276132822124
0.274199350717
0.273151389932
0.277275682761
0.273051101141
0.274831620568
0.265515290214
0.271648985769
0.272441478399
0.275136257923
0.269298720977
0.274819112972
0.267710866408
0.266435331343
0.271198644857
0.271605922755
0.273300750248
0.264172035972
0.266530261262
0.263215091777
0.265369649463
0.269365293960
