0.335873245626
0.343775403246
0.342953665262
0.342313761610
0.346812801284
0.345181415235
0.338267513849
0.332715529359
0.338710463261
0.332960225624
0.331076399990
0.331512914550
0.328793796414
0.327927966720
0.332430786432
0.327467279566
0.337674255726
0.331747553037
0.320435800300
0.324425836467
0.321394526861
0.325289034138
0.337756160178
0.334176910920
0.324132438199
0.317888755935
0.313909360326
0.326219682155
0.317575959645
0.320143412566
0.315543374953
0.315859798704
0.313345700048
0.313702656570
0.311795257072
0.309041678635
0.304990234366
0.294629505403
0.303854676156
0.299645407300
0.309801445568
0.299096059310
0.315057178796
0.306740621551
0.307253173701
0.302082893164
0.291983380562
0.297947703487
