# Frozen Waveform2c AHL. Aligned equal-histogram templates. phase=0.
# Classes ORDER_UNI/ORDER_DOWN/ORDER_UP. All start at MID. No extra noise.
# Class seed=20260819. No phase subseed. u clipped to [0, 0.5].
# Do not regenerate after seeing reservoir AUC.
0.250000000000
0.426776695297
0.500000000000
0.426776695297
0.250000000000
0.073223304703
0.000000000000
0.073223304703
0.250000000000
0.426776695297
0.500000000000
0.426776695297
0.250000000000
0.073223304703
0.000000000000
0.073223304703
0.250000000000
0.250000000000
0.426776695297
0.426776695297
0.500000000000
0.000000000000
0.073223304703
0.073223304703
0.250000000000
0.426776695297
0.500000000000
0.426776695297
0.250000000000
0.073223304703
0.000000000000
0.073223304703
0.250000000000
0.250000000000
0.073223304703
0.073223304703
0.000000000000
0.500000000000
0.426776695297
0.426776695297
0.250000000000
0.250000000000
0.073223304703
0.073223304703
0.000000000000
0.500000000000
0.426776695297
0.426776695297
0.250000000000
0.250000000000
0.073223304703
0.073223304703
0.000000000000
0.500000000000
0.426776695297
0.426776695297
0.250000000000
0.250000000000
0.426776695297
0.426776695297
0.500000000000
0.000000000000
0.073223304703
0.073223304703
0.250000000000
0.250000000000
0.426776695297
0.426776695297
0.500000000000
0.000000000000
0.073223304703
0.073223304703
0.250000000000
0.426776695297
0.500000000000
0.426776695297
0.250000000000
0.073223304703
0.000000000000
0.073223304703
0.250000000000
0.250000000000
0.073223304703
0.073223304703
0.000000000000
0.500000000000
0.426776695297
0.426776695297
0.250000000000
0.250000000000
0.426776695297
0.426776695297
0.500000000000
0.000000000000
0.073223304703
0.073223304703
0.250000000000
0.426776695297
0.500000000000
0.426776695297
0.250000000000
0.073223304703
0.000000000000
0.073223304703
0.250000000000
0.250000000000
0.073223304703
0.073223304703
0.000000000000
0.500000000000
0.426776695297
0.426776695297
0.250000000000
0.250000000000
0.073223304703
0.073223304703
0.000000000000
0.500000000000
0.426776695297
0.426776695297
0.250000000000
0.426776695297
0.500000000000
0.426776695297
0.250000000000
0.073223304703
0.000000000000
0.073223304703
0.250000000000
0.426776695297
0.500000000000
0.426776695297
0.250000000000
0.073223304703
0.000000000000
0.073223304703
0.250000000000
0.250000000000
0.426776695297
0.426776695297
0.500000000000
0.000000000000
0.073223304703
0.073223304703
0.250000000000
0.250000000000
0.073223304703
0.073223304703
0.000000000000
0.500000000000
0.426776695297
0.426776695297
0.250000000000
0.250000000000
0.073223304703
0.073223304703
0.000000000000
0.500000000000
0.426776695297
0.426776695297
0.250000000000
0.250000000000
0.426776695297
0.426776695297
0.500000000000
0.000000000000
0.073223304703
0.073223304703
0.250000000000
0.250000000000
0.426776695297
0.426776695297
0.500000000000
0.000000000000
0.073223304703
0.073223304703
0.250000000000
0.250000000000
0.073223304703
0.073223304703
0.000000000000
0.500000000000
0.426776695297
0.426776695297
0.250000000000
0.426776695297
0.500000000000
0.426776695297
0.250000000000
0.073223304703
0.000000000000
0.073223304703
0.250000000000
0.250000000000
0.073223304703
0.073223304703
0.000000000000
0.500000000000
0.426776695297
0.426776695297
0.250000000000
0.250000000000
0.073223304703
0.073223304703
0.000000000000
0.500000000000
0.426776695297
0.426776695297
0.250000000000
0.250000000000
0.426776695297
0.426776695297
0.500000000000
0.000000000000
0.073223304703
0.073223304703
0.250000000000
0.426776695297
0.500000000000
0.426776695297
0.250000000000
0.073223304703
0.000000000000
0.073223304703
0.250000000000
0.426776695297
0.500000000000
0.426776695297
0.250000000000
0.073223304703
0.000000000000
0.073223304703
0.250000000000
0.426776695297
0.500000000000
0.426776695297
0.250000000000
0.073223304703
0.000000000000
0.073223304703
0.250000000000
0.250000000000
0.073223304703
0.073223304703
0.000000000000
0.500000000000
0.426776695297
0.426776695297
0.250000000000
0.426776695297
0.500000000000
0.426776695297
0.250000000000
0.073223304703
0.000000000000
0.073223304703
0.250000000000
0.250000000000
0.426776695297
0.426776695297
0.500000000000
0.000000000000
0.073223304703
0.073223304703
0.250000000000
0.250000000000
0.426776695297
0.426776695297
0.500000000000
0.000000000000
0.073223304703
0.073223304703
0.250000000000
0.250000000000
0.073223304703
0.073223304703
0.000000000000
0.500000000000
0.426776695297
0.426776695297
0.250000000000
0.426776695297
0.500000000000
0.426776695297
0.250000000000
0.073223304703
0.000000000000
0.073223304703
0.250000000000
0.426776695297
0.500000000000
0.426776695297
0.250000000000
0.073223304703
0.000000000000
0.073223304703
0.250000000000
0.426776695297
0.500000000000
0.426776695297
0.250000000000
0.073223304703
0.000000000000
0.073223304703
0.250000000000
0.250000000000
0.426776695297
0.426776695297
0.500000000000
0.000000000000
0.073223304703
0.073223304703
0.250000000000
0.426776695297
0.500000000000
0.426776695297
0.250000000000
0.073223304703
0.000000000000
0.073223304703
0.250000000000
0.250000000000
0.073223304703
0.073223304703
0.000000000000
0.500000000000
0.426776695297
0.426776695297
0.250000000000
0.426776695297
0.500000000000
0.426776695297
0.250000000000
0.073223304703
0.000000000000
0.073223304703
0.250000000000
0.250000000000
0.426776695297
0.426776695297
0.500000000000
0.000000000000
0.073223304703
0.073223304703
0.250000000000
0.250000000000
0.426776695297
0.426776695297
0.500000000000
0.000000000000
0.073223304703
0.073223304703
0.250000000000
0.250000000000
0.073223304703
0.073223304703
0.000000000000
0.500000000000
0.426776695297
0.426776695297
0.250000000000
0.250000000000
0.426776695297
0.426776695297
0.500000000000
0.000000000000
0.073223304703
0.073223304703
0.250000000000
0.250000000000
0.426776695297
0.426776695297
0.500000000000
0.000000000000
0.073223304703
0.073223304703
0.250000000000
0.250000000000
0.073223304703
0.073223304703
0.000000000000
0.500000000000
0.426776695297
0.426776695297
0.250000000000
0.426776695297
0.500000000000
0.426776695297
0.250000000000
0.073223304703
0.000000000000
0.073223304703
0.250000000000
0.250000000000
0.073223304703
0.073223304703
0.000000000000
0.500000000000
0.426776695297
0.426776695297
