0.276272851165
0.277823700309
0.279301856016
0.270159846884
0.276149283056
0.280179377930
0.277809189352
0.278204411138
0.275763621995
0.263330797567
0.264087610261
0.265612508203
0.271854537988
0.266783275717
0.275323527283
0.263193915571
0.268540064265
0.253213197976
0.258145753637
0.260127539496
0.260574929470
0.268059043927
0.255812894747
0.254459211923
0.258948639442
0.269295770937
0.254929172643
0.250370935786
0.258322387774
0.257505785105
0.243616655947
0.263142578369
0.252056154897
0.246234590347
0.254988588569
0.246867324705
0.248647753149
0.250610725056
0.237437387449
0.246220778863
0.250757755041
0.249504281623
0.248057680891
0.248017960925
0.249749087763
0.236199038592
0.248219664902
0.231992165849
