0.281943414597
0.285769035394
0.295277100592
0.278123112046
0.279010951626
0.295425353927
0.284528093752
0.281854163127
0.289289187157
0.293083470525
0.268009733892
0.284798321037
0.283618750187
0.291423893629
0.276236007087
0.281832753934
0.265750884834
0.256873035818
0.283184482353
0.255943474672
0.269334433402
0.258041593812
0.271347439083
0.281275548644
0.281802401300
0.264952741917
0.275308053261
0.270449084970
0.277290142252
0.263892596441
0.250338821433
0.276602420818
0.265144440982
0.257775410498
0.248049777934
0.240201001714
0.255814517411
0.253085892557
0.256512098047
0.259417736817
0.254715739131
0.252042564930
0.259581470199
0.246002828467
0.258969861372
0.265676942385
0.250820627640
0.256608149146
