0.250344126114
0.254398193196
0.252364512915
0.245294544747
0.249480626917
0.251480410362
0.245302147691
0.239077837877
0.244038527061
0.250567494113
0.251418984351
0.247938714757
0.237441914369
0.247482282798
0.244107281580
0.246974907621
0.245613716525
0.244019797721
0.247567620773
0.244335679458
0.243313878305
0.242549528767
0.244451125096
0.236339326030
0.234276520162
0.243551309212
0.238061565473
0.237843019725
0.238290924394
0.229088111220
0.241542632549
0.222407287313
0.237513884759
0.234226360756
0.238118485434
0.229981834814
0.229583793350
0.231771725105
0.234481900010
0.231196178641
0.232378454209
0.228693670726
0.235951051762
0.231948138942
0.225606715010
0.229242761733
0.228093280926
0.230092318596
