0.230783474173
0.231491209413
0.232476293601
0.232500123125
0.229562932472
0.229924949134
0.233943666798
0.229392679446
0.227934638318
0.225595308633
0.227543675154
0.228997021183
0.227456496188
0.230134381284
0.220168516245
0.223885547846
0.229719356319
0.226253832036
0.230192772816
0.223260068136
0.230993531351
0.221842634218
0.228779786399
0.226245057439
0.224504970391
0.221192032937
0.224253132738
0.220693371900
0.227842568355
0.222597779189
0.220170053238
0.221574235468
0.216619965078
0.217435322626
0.215680820270
0.220435691420
0.223634462843
0.215114042103
0.213466932645
0.216345485344
0.222633483790
0.220127235297
0.216613160518
0.215731215794
0.215691229765
0.221869226836
0.217202966024
0.216224630939
