0.248539004539
0.249566818997
0.246968808262
0.249549048470
0.246472544787
0.253338137368
0.254269898108
0.251572781551
0.253673066368
0.242066173027
0.242210194750
0.241890607608
0.244488768533
0.241345354700
0.246783976611
0.253344561872
0.245072266094
0.240949531610
0.234240642339
0.238143810557
0.253333006726
0.238110452166
0.241829310462
0.245326562724
0.240617379180
0.236470183547
0.234932132190
0.242231638244
0.233889078230
0.234179554519
0.234412752145
0.242319686801
0.238374910415
0.229569211464
0.231080803137
0.237457255060
0.236869727429
0.221637957808
0.236434683530
0.232664459147
0.230202629867
0.233977848789
0.220442952077
0.226671252523
0.222061861676
0.229717914723
0.226464460193
0.226636983178
