0.296973725291
0.290200335179
0.292667370872
0.280900859168
0.298887771399
0.295720092931
0.296130825977
0.291355232273
0.306224594227
0.289479190319
0.278911660499
0.296479585708
0.294363240987
0.293290191012
0.291721638146
0.274560192237
0.277451671864
0.278647823220
0.280449603942
0.288494430071
0.269510539800
0.278749010140
0.260046896416
0.284572628205
0.281751805343
0.265420614794
0.274085544564
0.267436460645
0.294214894952
0.294681255373
0.275630353868
0.284608650296
0.267129181568
0.276553373669
0.263471418307
0.255550631249
0.277851820573
0.266836228484
0.251167163336
0.272955828843
0.266247654371
0.262096452801
0.259866060816
0.251297336375
0.258315365126
0.265401217848
0.242447058949
0.240338719917
