0.283134344365
0.288668733904
0.283253615283
0.281648473178
0.302341417505
0.272963147063
0.276973926645
0.277914706839
0.288921402583
0.281137650533
0.285005590616
0.274985448608
0.284847115919
0.277860085423
0.282485123352
0.278840814513
0.274425623775
0.270501286253
0.260892103695
0.271500328055
0.270416953316
0.270793079271
0.265979467013
0.267377573180
0.261339184554
0.268965554101
0.250652769774
0.273744302627
0.255125708328
0.255951381481
0.264632218679
0.271611610647
0.268626310192
0.253054513247
0.264411289228
0.262917636799
0.258976025149
0.260395431143
0.264517000827
0.251886298763
0.248028020620
0.247809622363
0.236569496864
0.245233038133
0.245461663907
0.249811879718
0.255487835592
0.249567128041
