0.240589671771
0.238738211547
0.237244878024
0.235482974362
0.234491636663
0.232267578196
0.237906427561
0.236480364293
0.235231875158
0.238066390110
0.232482422815
0.240113574825
0.235939634832
0.236465786606
0.231559075985
0.231319751139
0.232044467837
0.237417051964
0.234699942186
0.231047248967
0.231941014630
0.234245071254
0.235105047981
0.231396947395
0.232506725316
0.228174900135
0.231359386549
0.229039220860
0.227781667919
0.232730819313
0.227661321369
0.229797944682
0.218618348257
0.225978782923
0.226929774078
0.230163509508
0.223158465172
0.229782935567
0.221253039690
0.219722397611
0.225438373829
0.225927107306
0.227960900297
0.217006443166
0.219836313514
0.215858110133
0.218443579356
0.223238352752
