0.227488087167
0.222949342793
0.225795109969
0.232719762884
0.231436980657
0.226660743954
0.232420289196
0.230361898429
0.226516316046
0.226727063520
0.227921981324
0.222232764778
0.224177078138
0.223269859526
0.222903736636
0.226471957489
0.225133635815
0.223339476901
0.225206585014
0.221400821581
0.219424446583
0.222903384444
0.219731502724
0.219757772755
0.224754248632
0.217902429533
0.224038293192
0.219476164124
0.214371834022
0.221242243055
0.223472907298
0.225223527262
0.217721252805
0.215952782896
0.220206353719
0.220993664055
0.222481441945
0.218943502239
0.220658329342
0.220080790443
0.216469023027
0.217493898431
0.216433893514
0.217642390514
0.216764350103
0.215493273670
0.218024877760
0.214806147863
