0.277550821450
0.278301221122
0.275371830580
0.277459649072
0.266358127282
0.273052524713
0.264132182221
0.272310697115
0.254970310326
0.269567500938
0.264952009728
0.256316373851
0.269298085111
0.259844886019
0.273878518068
0.257038712788
0.268341088151
0.267121646188
0.254863066646
0.275848145382
0.268379346813
0.256103940845
0.251885963672
0.247928760621
0.264967275959
0.247942230705
0.268100313938
0.251795378781
0.258365538402
0.260063853082
0.242290666439
0.250301838641
0.252051585963
0.245572523733
0.233993316059
0.241183960723
0.255469857514
0.232260710113
0.233458999561
0.246337877009
0.243470622523
0.242433900895
0.238981310501
0.242833796442
0.245795352713
0.235489268032
0.248171492504
0.236398675718
