0.303047894751
0.312530483895
0.311544398315
0.310776513932
0.316175361541
0.314217698282
0.305921016619
0.299258635231
0.306452555913
0.299552270749
0.297291679988
0.297815497460
0.294552555697
0.293513560065
0.298916943719
0.292960735479
0.305209106871
0.298097063644
0.284522960360
0.289311003761
0.285673432233
0.290346840965
0.305307392214
0.301012293104
0.288958925838
0.281466507121
0.276691232391
0.291463618587
0.281091151574
0.284172095080
0.278652049944
0.279031758445
0.276014840057
0.276443187884
0.274154308486
0.270850014362
0.265988281239
0.253555406483
0.264625611388
0.259574488760
0.271761734682
0.258915271172
0.278068614555
0.268088745861
0.268703808441
0.262499471797
0.250380056674
0.257537244184
