0.262700874920
0.262513149999
0.270310685642
0.288768751988
0.286454871361
0.265317110853
0.271998481602
0.270962912475
0.273890961568
0.277099381859
0.269926887911
0.258581893613
0.271626480360
0.256066669662
0.271903363916
0.269033696752
0.259752081191
0.267424244670
0.258674178196
0.259142861433
0.260040261060
0.271574026078
0.272175526128
0.262682815358
0.252060313433
0.259742730656
0.275713221972
0.252181340001
0.259124556811
0.267009990668
0.258106874244
0.245546602594
0.245671819403
0.253634627369
0.250266519235
0.255059114828
0.251513112696
0.247031462737
0.250299886164
0.246601404519
0.250709942699
0.238963109039
0.238173726972
0.245361171510
0.250116434314
0.248283925343
0.236428246026
0.239652095635
