0.270768457714
0.287034457571
0.270023249816
0.276267234902
0.279953067348
0.269946141386
0.269937089121
0.276814932541
0.273136748628
0.272203779165
0.267271515422
0.268591216860
0.267583873653
0.257080908748
0.267764233448
0.257266288705
0.251550111146
0.254098006046
0.257537351626
0.264607366801
0.258903240975
0.257799252986
0.264623883500
0.249182787678
0.263846325673
0.261872918674
0.251174905417
0.262051298020
0.254282897235
0.247223881745
0.242300737548
0.235453403730
0.246177700552
0.236043988812
0.249294920893
0.239694778381
0.247007400235
0.239765591755
0.246894001760
0.243827460082
0.246286931497
0.241162804325
0.237349379212
0.247808194423
0.240578847523
0.231887655649
0.224683867094
0.240120731643
