0.341259047309
0.352623275891
0.342213494987
0.331653658392
0.314272643633
0.321558381011
0.347484508023
0.339964606181
0.324277756486
0.320791325958
0.315313308553
0.319086937864
0.319649664969
0.294448118031
0.323684163893
0.295164150430
0.296533170651
0.308738051823
0.313610455052
0.289742057671
0.285830988510
0.323302595114
0.311335145491
0.319223829583
0.299834952047
0.296676610518
0.294035704398
0.298642362294
0.297875872327
0.305528054044
0.296808445276
0.294397208801
0.285504600577
0.280934906991
0.281545717689
0.281846148982
0.291274040282
0.289702453747
0.283535722601
0.274486257391
0.257972897479
0.284791431531
0.299700641932
0.249875459635
0.270400162457
0.283492297016
0.278124160210
0.267448032966
