0.283885967887
0.281554781344
0.283567376004
0.276464027964
0.289010932040
0.289654219909
0.289848728624
0.280209184088
0.270775855073
0.288463004307
0.274964405061
0.285975047032
0.296270058429
0.266553388687
0.273512485349
0.279623069423
0.281177584283
0.269569731254
0.278156736528
0.275138899362
0.287211823007
0.278714790380
0.266723760635
0.258971948210
0.271157659503
0.259966949593
0.254597942672
0.271729761140
0.258104936460
0.262407318004
0.266735454341
0.263142764774
0.265906427822
0.265469382376
0.270211036422
0.260487010480
0.264159985634
0.266158816659
0.258746721867
0.263651511432
0.250520440708
0.252962327755
0.240439608305
0.266407619829
0.252070886286
0.250619450222
0.246030693797
0.255595017373
