0.325573127496
0.322511618011
0.307185598475
0.320916741260
0.311526258295
0.306420601284
0.324888721332
0.322093275019
0.313759329615
0.297122285796
0.307703195325
0.310311918639
0.304720986913
0.300390245874
0.318910682510
0.319235551866
0.302057176483
0.299444100743
0.303362053080
0.317963406865
0.303129448270
0.291399821221
0.306717399672
0.288354549594
0.291671897277
0.282245375048
0.280611078285
0.273695940027
0.301543384398
0.273872567460
0.291757918101
0.274082809763
0.281598061059
0.274958799931
0.273067492204
0.274821308461
0.282669584877
0.287214461436
0.270353143714
0.282173020070
0.257649803862
0.243538276085
0.268561762153
0.279056042209
0.261795942889
0.272503755739
0.254272216146
0.254090453766
