0.274152915071
0.272360896192
0.272180318117
0.280810893736
0.274641107554
0.270722518507
0.260274828805
0.256568797492
0.264545227573
0.251419338918
0.264853466609
0.254610636008
0.262173738391
0.261517115692
0.273753162815
0.251822252484
0.253723269258
0.265466840397
0.264763461848
0.264270127960
0.251914310388
0.259948431573
0.256034616372
0.250991841801
0.255484253179
0.266226016369
0.248423324815
0.255629369062
0.246563170931
0.247193290487
0.260779456214
0.241039351070
0.253248579584
0.245581523702
0.245543501734
0.240483377008
0.240121919398
0.242148892438
0.248716521550
0.248501478437
0.247527578676
0.235999641641
0.239275385464
0.253735821490
0.241025446811
0.239835396395
0.235339346249
0.241193948996
