0.293991784747
0.317601550899
0.308157779103
0.306288387641
0.305537547249
0.296778115309
0.300926325726
0.302497576752
0.303372164287
0.299877873877
0.289812061887
0.300125556087
0.297189500288
0.295319987940
0.302761290220
0.290929520531
0.295892184977
0.276156111370
0.277111510712
0.298767598786
0.281023421914
0.278680552195
0.294501146674
0.275727119375
0.280962591602
0.283347820755
0.283857927410
0.287568038004
0.258731762514
0.270403940548
0.269186919818
0.284443315069
0.282772127837
0.264820715615
0.263567721241
0.265384140458
0.296386835352
0.269247383976
0.269312103408
0.258310653765
0.264588803978
0.255602421902
0.271595371033
0.257724782413
0.238361446992
0.266499244980
0.254765140361
0.263024059499
