0.380375754879
0.359792288068
0.353846534025
0.327990987227
0.342339969147
0.350423602907
0.357211675583
0.366476652908
0.340401495377
0.381742016850
0.356198415427
0.366764052462
0.387396140901
0.340992271429
0.342585136568
0.341577147515
0.332280901598
0.323822508994
0.329506132299
0.344775700995
0.340018992934
0.341421254613
0.330402143914
0.315205423664
0.328743300443
0.319436759425
0.314942975730
0.331721460387
0.316448337155
0.316029581726
0.330210806521
0.324799902695
0.296924515180
0.295026746469
0.299574501131
0.290367417402
0.306410523439
0.323608681986
0.314899506205
0.303720203674
0.283155064123
0.276988583465
0.308121353677
0.278545668515
0.295660089704
0.308417986611
0.282552696465
0.265535135631
