0.306913658054
0.326242770339
0.328872518508
0.321700092171
0.308751874732
0.311108356964
0.296089971531
0.318254855239
0.301126456777
0.310366768827
0.308846467821
0.308671839564
0.314223865712
0.305044561668
0.320732387924
0.303702712096
0.320592902954
0.308058779437
0.288684565526
0.289237774346
0.297234024318
0.305148545664
0.311674112868
0.306956002153
0.297020273704
0.302505416565
0.295080693077
0.287419896487
0.295937567956
0.286705500475
0.292274357550
0.297174478845
0.284004035769
0.285131620491
0.279568730484
0.285189476777
0.291496146920
0.276280762844
0.287002813164
0.277733753834
0.258227739214
0.274144684671
0.260195922865
0.280023485718
0.257380217776
0.273106339394
0.253033255733
0.261746167052
