# Frozen waveform-classification AHL. Deterministic sine/square/triangle
# templates on 40 blocks x 5 windows. Label seed=20260822. u clipped to [0, 0.5].
# Do not regenerate after seeing AUC.
0.250000000000
0.487764129074
0.396946313073
0.103053686927
0.012235870926
0.450000000000
0.450000000000
0.450000000000
0.050000000000
0.050000000000
0.250000000000
0.487764129074
0.396946313073
0.103053686927
0.012235870926
0.450000000000
0.450000000000
0.450000000000
0.050000000000
0.050000000000
0.050000000000
0.250000000000
0.450000000000
0.250000000000
0.050000000000
0.450000000000
0.450000000000
0.450000000000
0.050000000000
0.050000000000
0.050000000000
0.250000000000
0.450000000000
0.250000000000
0.050000000000
0.250000000000
0.487764129074
0.396946313073
0.103053686927
0.012235870926
0.050000000000
0.250000000000
0.450000000000
0.250000000000
0.050000000000
0.250000000000
0.487764129074
0.396946313073
0.103053686927
0.012235870926
0.250000000000
0.487764129074
0.396946313073
0.103053686927
0.012235870926
0.450000000000
0.450000000000
0.450000000000
0.050000000000
0.050000000000
0.250000000000
0.487764129074
0.396946313073
0.103053686927
0.012235870926
0.450000000000
0.450000000000
0.450000000000
0.050000000000
0.050000000000
0.450000000000
0.450000000000
0.450000000000
0.050000000000
0.050000000000
0.450000000000
0.450000000000
0.450000000000
0.050000000000
0.050000000000
0.050000000000
0.250000000000
0.450000000000
0.250000000000
0.050000000000
0.450000000000
0.450000000000
0.450000000000
0.050000000000
0.050000000000
0.050000000000
0.250000000000
0.450000000000
0.250000000000
0.050000000000
0.050000000000
0.250000000000
0.450000000000
0.250000000000
0.050000000000
0.250000000000
0.487764129074
0.396946313073
0.103053686927
0.012235870926
0.450000000000
0.450000000000
0.450000000000
0.050000000000
0.050000000000
0.250000000000
0.487764129074
0.396946313073
0.103053686927
0.012235870926
0.250000000000
0.487764129074
0.396946313073
0.103053686927
0.012235870926
0.050000000000
0.250000000000
0.450000000000
0.250000000000
0.050000000000
0.050000000000
0.250000000000
0.450000000000
0.250000000000
0.050000000000
0.250000000000
0.487764129074
0.396946313073
0.103053686927
0.012235870926
0.250000000000
0.487764129074
0.396946313073
0.103053686927
0.012235870926
0.050000000000
0.250000000000
0.450000000000
0.250000000000
0.050000000000
0.450000000000
0.450000000000
0.450000000000
0.050000000000
0.050000000000
0.450000000000
0.450000000000
0.450000000000
0.050000000000
0.050000000000
0.050000000000
0.250000000000
0.450000000000
0.250000000000
0.050000000000
0.050000000000
0.250000000000
0.450000000000
0.250000000000
0.050000000000
0.450000000000
0.450000000000
0.450000000000
0.050000000000
0.050000000000
0.050000000000
0.250000000000
0.450000000000
0.250000000000
0.050000000000
0.250000000000
0.487764129074
0.396946313073
0.103053686927
0.012235870926
0.050000000000
0.250000000000
0.450000000000
0.250000000000
0.050000000000
0.250000000000
0.487764129074
0.396946313073
0.103053686927
0.012235870926
0.250000000000
0.487764129074
0.396946313073
0.103053686927
0.012235870926
0.450000000000
0.450000000000
0.450000000000
0.050000000000
0.050000000000
