# Frozen Waveform2b AHL. Distinct-orbit equal-histogram templates.
# Classes ORDER_UNI/ORDER_DOWN/ORDER_UP. Shared 8-value multiset. No extra noise.
# Class seed=20260818. Phase subseed=0. u clipped to [0, 0.5].
# Do not regenerate after seeing reservoir AUC.
0.500000000000
0.426776695297
0.250000000000
0.073223304703
0.000000000000
0.073223304703
0.250000000000
0.426776695297
0.426776695297
0.426776695297
0.500000000000
0.000000000000
0.073223304703
0.073223304703
0.250000000000
0.250000000000
0.250000000000
0.250000000000
0.426776695297
0.426776695297
0.500000000000
0.000000000000
0.073223304703
0.073223304703
0.250000000000
0.426776695297
0.500000000000
0.426776695297
0.250000000000
0.073223304703
0.000000000000
0.073223304703
0.426776695297
0.250000000000
0.250000000000
0.073223304703
0.073223304703
0.000000000000
0.500000000000
0.426776695297
0.250000000000
0.073223304703
0.073223304703
0.000000000000
0.500000000000
0.426776695297
0.426776695297
0.250000000000
0.000000000000
0.073223304703
0.250000000000
0.426776695297
0.500000000000
0.426776695297
0.250000000000
0.073223304703
0.250000000000
0.250000000000
0.073223304703
0.073223304703
0.000000000000
0.500000000000
0.426776695297
0.426776695297
0.500000000000
0.426776695297
0.250000000000
0.073223304703
0.000000000000
0.073223304703
0.250000000000
0.426776695297
0.250000000000
0.073223304703
0.073223304703
0.000000000000
0.500000000000
0.426776695297
0.426776695297
0.250000000000
0.426776695297
0.250000000000
0.250000000000
0.073223304703
0.073223304703
0.000000000000
0.500000000000
0.426776695297
0.250000000000
0.426776695297
0.500000000000
0.426776695297
0.250000000000
0.073223304703
0.000000000000
0.073223304703
0.000000000000
0.500000000000
0.426776695297
0.426776695297
0.250000000000
0.250000000000
0.073223304703
0.073223304703
0.500000000000
0.000000000000
0.073223304703
0.073223304703
0.250000000000
0.250000000000
0.426776695297
0.426776695297
0.000000000000
0.073223304703
0.073223304703
0.250000000000
0.250000000000
0.426776695297
0.426776695297
0.500000000000
0.073223304703
0.000000000000
0.073223304703
0.250000000000
0.426776695297
0.500000000000
0.426776695297
0.250000000000
0.500000000000
0.426776695297
0.426776695297
0.250000000000
0.250000000000
0.073223304703
0.073223304703
0.000000000000
0.073223304703
0.250000000000
0.426776695297
0.500000000000
0.426776695297
0.250000000000
0.073223304703
0.000000000000
0.073223304703
0.000000000000
0.500000000000
0.426776695297
0.426776695297
0.250000000000
0.250000000000
0.073223304703
0.426776695297
0.250000000000
0.073223304703
0.000000000000
0.073223304703
0.250000000000
0.426776695297
0.500000000000
0.073223304703
0.073223304703
0.250000000000
0.250000000000
0.426776695297
0.426776695297
0.500000000000
0.000000000000
0.426776695297
0.500000000000
0.426776695297
0.250000000000
0.073223304703
0.000000000000
0.073223304703
0.250000000000
0.426776695297
0.426776695297
0.250000000000
0.250000000000
0.073223304703
0.073223304703
0.000000000000
0.500000000000
0.073223304703
0.250000000000
0.426776695297
0.500000000000
0.426776695297
0.250000000000
0.073223304703
0.000000000000
0.250000000000
0.426776695297
0.426776695297
0.500000000000
0.000000000000
0.073223304703
0.073223304703
0.250000000000
0.250000000000
0.073223304703
0.000000000000
0.073223304703
0.250000000000
0.426776695297
0.500000000000
0.426776695297
0.073223304703
0.073223304703
0.000000000000
0.500000000000
0.426776695297
0.426776695297
0.250000000000
0.250000000000
0.000000000000
0.073223304703
0.250000000000
0.426776695297
0.500000000000
0.426776695297
0.250000000000
0.073223304703
0.250000000000
0.250000000000
0.426776695297
0.426776695297
0.500000000000
0.000000000000
0.073223304703
0.073223304703
0.250000000000
0.250000000000
0.073223304703
0.073223304703
0.000000000000
0.500000000000
0.426776695297
0.426776695297
0.426776695297
0.500000000000
0.000000000000
0.073223304703
0.073223304703
0.250000000000
0.250000000000
0.426776695297
0.073223304703
0.000000000000
0.500000000000
0.426776695297
0.426776695297
0.250000000000
0.250000000000
0.073223304703
0.073223304703
0.250000000000
0.250000000000
0.426776695297
0.426776695297
0.500000000000
0.000000000000
0.073223304703
0.426776695297
0.426776695297
0.500000000000
0.000000000000
0.073223304703
0.073223304703
0.250000000000
0.250000000000
0.000000000000
0.073223304703
0.250000000000
0.426776695297
0.500000000000
0.426776695297
0.250000000000
0.073223304703
0.073223304703
0.000000000000
0.500000000000
0.426776695297
0.426776695297
0.250000000000
0.250000000000
0.073223304703
0.073223304703
0.250000000000
0.426776695297
0.500000000000
0.426776695297
0.250000000000
0.073223304703
0.000000000000
0.426776695297
0.250000000000
0.073223304703
0.000000000000
0.073223304703
0.250000000000
0.426776695297
0.500000000000
0.250000000000
0.073223304703
0.073223304703
0.000000000000
0.500000000000
0.426776695297
0.426776695297
0.250000000000
0.250000000000
0.250000000000
0.426776695297
0.426776695297
0.500000000000
0.000000000000
0.073223304703
0.073223304703
0.250000000000
0.073223304703
0.000000000000
0.073223304703
0.250000000000
0.426776695297
0.500000000000
0.426776695297
0.426776695297
0.426776695297
0.250000000000
0.250000000000
0.073223304703
0.073223304703
0.000000000000
0.500000000000
0.500000000000
0.000000000000
0.073223304703
0.073223304703
0.250000000000
0.250000000000
0.426776695297
0.426776695297
0.250000000000
0.426776695297
0.426776695297
0.500000000000
0.000000000000
0.073223304703
0.073223304703
0.250000000000
0.426776695297
0.500000000000
0.000000000000
0.073223304703
0.073223304703
0.250000000000
0.250000000000
0.426776695297
0.073223304703
0.000000000000
0.073223304703
0.250000000000
0.426776695297
0.500000000000
0.426776695297
0.250000000000
0.500000000000
0.426776695297
0.250000000000
0.073223304703
0.000000000000
0.073223304703
0.250000000000
0.426776695297
0.426776695297
0.250000000000
0.250000000000
0.073223304703
0.073223304703
0.000000000000
0.500000000000
0.426776695297
0.250000000000
0.250000000000
0.073223304703
0.073223304703
0.000000000000
0.500000000000
0.426776695297
0.426776695297
0.073223304703
0.250000000000
0.250000000000
0.426776695297
0.426776695297
0.500000000000
0.000000000000
0.073223304703
